6.95268e-310
6.95268e-310
14.4728
9.7751
9.5824
8.0705
8.5955
7.3228
7.7478
6.9574
7.9548
7.3696
7.5133
7.3595
8.3943
7.4005
7.5368
7.8161
7.4982
7.5059
7.2564
7.3116
7.412
7.1562
7.0961
6.896
7.0796
7.3345
7.4605
7.6092
7.4611
7.3952
7.5036
7.8299
7.1006
7.4046
7.1251
7.3969
6.7972
6.9901
6.6367
6.6965
7.691
6.6225
7.4155
6.5627
6.6592
6.797
6.721
7.4604
6.6262
7.5515
6.7573
6.5746
6.7445
6.7823
7.016
6.7963
6.7223
6.9741
7.4698
7.5519
7.0786
7.4077
7.1444
7.2411
7.1809
7.175
7.395
7.3228
7.0867
6.9203
6.6731
7.1117
6.6954
7.2506
7.1429
7.2226
7.1986
6.8721
7.1792
6.7189
6.9011
6.472
6.5866
6.7607
6.6819
7.3717
6.5963
7.0672
6.5059
6.1469
7.1983
6.3304
6.8277
6.3041
6.3204
6.8499
6.224
6.2243
6.4138
6.0719
6.2278
6.1827
6.5848
6.4114
5.7416
6.3499
6.2937
6.2246
6.1176
5.5446
5.9074
5.8148
5.398
5.8763
5.9431
5.6026
5.8445
6.0323
5.8373
5.5719
6.0118
5.7093
5.6948
5.544
5.3956
5.0024
5.2619
5.4371
4.9506
5.1607
4.9105
4.7655
4.7785
5.1964
4.7008
4.7097
5.1515
4.7834
4.6774
5.1097
5.2246
4.7636
4.7983
5.3119
4.776
4.766
5.2979
4.705
4.6373
4.5818
5.019
4.619
4.6621
5.4346
4.7762
4.7673
5.1531
4.7776
4.6594
4.645
5.1754
4.5237
4.577
5.0025
4.5886
4.5783
5.1421
5.0265
4.9183
4.6822
4.9662
4.6395
4.6211
5.0546
5.0185
4.5709
4.6622
4.9918
4.7526
5.4234
4.9169
5.3712
5.0814
4.8085
5.2914
4.6699
4.8179
5.3383
4.6829
6.0457
5.1537
4.5757
4.9507
4.5159
5.2596
5.0905
4.6709
5.3566
5.2741
4.6601
5.3171
4.6839
4.7978
4.4958
4.9019
5.2395
4.3544
4.6386
4.4464
4.324
4.238
4.6869
4.3211
4.1618
4.0962
4.4338
3.9808
4.0332
3.896
4.6618
3.8452
4.0016
3.9653
4.4421
3.9339
3.9825
3.87
4.3366
4.0389
4.1164
4.0733
4.4107
4.0326
3.9486
3.9531
4.9496
4.0626
4.4707
4.1238
4.8885
4.1793
4.5059
4.4225
4.663
4.463
4.0542
4.6821
4.305
4.0035
4.497
4.1212
4.3391
4.3327
4.0908
4.6756
4.2744
3.8846
4.2427
4.078
4.2088
3.7402
4.1116
3.7266
4.9694
5.0512
5.1532
5.2859
5.3161
4.9704
5.3917
5.2096
5.6689
5.0451
5.3279
5.1616
4.9212
5.0629
5.2494
5.5385
5.4449
5.0363
4.8115
5.3947
5.246
4.9353
5.3013
5.0672
5.056
5.2151
5.8357
5.0418
4.9539
4.9462
4.7566
4.7031
4.858
5.1164
5.3329
5.1416
5.1137
4.9387
4.1105
4.7758
3.8049
4.1008
4.295
4.3525
4.099
5.2137
5.242
4.3996
4.7218
4.7279
6.0009
5.4422
5.2374
4.3738
4.3661
5.1796
6.0797
5.6812
5.6118
5.1428
4.8661
4.2932
4.4495
4.2312
4.6335
5.1356
4.7678
4.5811
4.4454
6.4045
6.2144
5.8259
4.6939
4.4026
4.3959
4.5282
4.3209
4.3484
4.2813
4.7164
5.0317
5.201
5.0487
4.3147
4.0397
4.1478
4.1481
3.9832
4.0921
3.9273
4.1164
3.7995
4.1944
4.1127
4.1201
3.7276
4.2176
3.7621
4.0931
3.671
3.8472
3.8441
4.0949
3.701
4.1269
3.7148
4.1254
3.7008
4.17
4.0118
4.0076
3.7339
4.2639
4.0255
4.047
3.7555
4.0321
3.7761
3.5411
3.5523
3.5583
3.9204
3.5703
3.5866
3.5502
3.5999
3.6949
3.5822
3.6884
3.6949
4.0381
3.757
3.7106
3.6968
4.2786
3.9225
3.7877
3.8305
3.9004
3.991
3.9053
3.8763
4.0498
3.9227
3.7386
3.7104
3.8012
3.6482
3.8713
3.7321
4.2707
3.9698
4.053
3.9096
4.2447
3.9529
4.0499
3.8992
3.9875
3.762
3.9982
3.8819
4.2319
3.8243
3.8048
3.8812
4.0562
3.8386
3.9898
4.0703
4.1554
3.9346
3.93
4.0558
4.4838
3.958
3.9998
4.1021
4.1156
3.9195
3.9094
3.9357
3.9715
3.7908
3.829
3.9846
4.0306
3.942
3.9764
3.9862
4.6754
3.9423
3.8917
3.8734
4.1469
3.8255
3.7628
3.6994
4.0339
3.735
3.6856
3.7088
3.861
3.7918
3.625
3.5914
3.6229
4.2285
3.6998
3.7628
3.7769
3.9876
3.7559
3.7962
3.9089
4.3056
3.9082
3.8837
3.8918
4.0429
4.0084
3.7843
3.8454
4.4145
3.8487
3.6798
3.675
3.7635
3.766
3.6389
3.6208
3.6702
3.6775
3.7865
3.5262
3.5297
3.703
3.7032
3.5821
3.578
3.7033
4.6536
3.7239
3.5813
3.496
3.802
3.6225
3.5225
3.7197
3.7492
3.6725
3.7407
3.5363
3.668
3.5366
3.6735
3.5335
3.5324
4.1341
3.5392
3.6573
3.5434
3.5552
3.3909
3.3754
3.5078
3.4282
3.5539
3.3775
3.3164
3.4072
3.2874
3.0895
3.0295
3.026
3.1439
3.0037
3.5759
3.0665
3.1057
3.2403
3.174
3.3524
3.1468
3.1293
3.2729
3.2828
3.2637
3.2863
3.2607
3.4061
3.4455
3.2574
3.1625
3.0963
3.2524
3.6946
3.2394
3.2717
3.3416
3.514
3.473
3.3989
3.3173
3.3444
3.4785
3.4367
3.3218
3.4021
3.2739
3.6441
3.2434
3.1738
3.189
3.1846
3.6629
3.1102
3.0938
3.0818
3.1615
3.4928
3.2642
3.2584
3.2734
3.3066
3.5825
3.3392
3.2742
3.3548
3.3664
3.6509
3.2978
3.2884
3.268
3.6646
3.644
3.3305
3.3057
3.3396
3.7062
3.4437
3.3217
3.308
3.341
3.4812
3.5095
3.3727
3.3703
3.5707
3.4161
3.6153
3.5346
3.5837
4.158
3.6224
3.4938
3.5198
3.6778
3.5805
3.6283
3.4346
3.451
3.6549
3.4883
3.7279
3.6102
3.735
3.6231
3.895
3.6072
3.6491
3.5869
3.5872
3.6721
3.6203
4.1159
3.4386
3.5736
3.3958
3.5594
3.4068
3.486
3.6343
3.4519
3.591
3.4723
3.5067
3.569
3.5845
3.5296
3.4877
3.5371
3.4234
3.8622
3.3115
3.2034
3.52
3.3965
3.2737
3.2853
3.2848
3.425
3.7091
3.3847
3.3779
3.3968
3.4896
3.4399
3.4223
3.3967
3.3998
3.9836
3.3943
3.4712
3.4008
3.3275
3.5645
3.3763
3.4161
3.3921
3.5059
3.4572
3.4279
3.4473
3.4122
3.7635
3.603
3.478
3.5136
4.7266
4.6732
3.8553
3.7302
3.6994
3.8589
3.7272
3.7361
3.8187
3.8256
3.7422
3.7012
4.0874
3.6988
3.8842
3.7194
4.1143
3.9362
3.789
3.6331
3.5748
3.6531
3.6837
3.5349
3.6253
3.6077
3.4828
3.6393
3.4374
3.5006
3.4171
3.3879
3.5482
3.4099
4.0568
3.3818
3.4406
3.6868
3.6239
3.52
3.535
3.6039
3.6141
3.6827
3.5388
3.5065
3.6282
3.6331
3.5732
3.5361
3.6335
3.5084
4.0542
3.5637
3.4882
3.6224
3.6674
3.5204
3.5908
3.5284
3.6123
3.6031
3.4342
3.4976
3.5756
3.6087
3.5081
3.6091
3.5726
3.5925
4.1358
3.5465
3.5581
3.5684
3.7581
3.539
3.5568
3.5488
3.7902
3.5517
3.4836
3.6119
3.395
3.7423
3.4905
3.4536
3.5034
4.029
3.6063
3.4112
3.3623
3.3286
3.5783
3.2572
3.2971
3.3449
3.3687
3.4192
3.2309
3.1994
3.2026
3.3013
3.3469
3.1547
3.1144
3.0838
3.6741
3.108
3.159
3.103
3.1284
3.1404
3.2553
3.3455
3.2527
3.2112
3.3609
3.1557
3.3142
3.1595
3.1336
3.208
3.1381
3.2993
3.151
3.1285
3.6954
3.088
3.1575
2.9575
2.9452
3.0147
2.9003
2.9131
3.0388
2.8768
2.865
3.23
2.8792
3.0487
2.9347
2.9555
3.0413
2.9584
3.0807
3.1767
2.9575
3.4726
2.8554
2.8281
2.8773
2.8654
2.9396
2.9037
2.9167
2.9796
3.0885
2.9859
3.3351
2.995
3.0281
3.0547
3.1854
3.1188
3.0664
3.1286
3.1418
3.3399
3.6927
3.1249
3.1203
3.1015
3.209
3.1769
3.0603
3.0985
3.094
3.2195
3.3427
3.1452
3.172
3.2063
3.2672
3.2422
3.0922
3.082
3.0961
3.1026
3.5656
3.1054
3.0669
3.0677
3.0506
3.1727
3.0093
2.9581
2.949
2.9662
3.2781
3.0412
3.0068
3.0995
3.0559
3.1488
3.2274
3.0168
2.9916
3.0048
3.5054
3.333
3.1678
3.0817
3.067
3.1873
3.1484
2.9305
2.9105
2.8725
2.892
3.098
3.0046
2.8955
2.9224
2.8559
3.0729
2.8703
3.0539
2.8545
2.8745
2.8948
3.5288
2.9378
2.8423
2.8125
2.7932
2.8233
2.786
2.9548
2.918
2.9409
3.0606
2.9726
2.9557
3.0211
2.9547
3.083
3.1117
3.0282
3.1651
3.0169
3.1509
3.695
3.1882
3.2678
3.1439
3.1281
3.1405
3.0098
2.9421
3.0822
2.9876
3.1549
3.0176
3.0565
3.1517
2.9767
3.1238
3.0291
3.0255
3.0385
3.226
3.7353
3.1365
3.0592
2.9768
3.1379
3.1333
3.1453
3.0188
3.015
3.1309
3.1357
3.0273
3.0167
3.026
3.0581
3.1845
3.1656
3.0557
3.0805
2.9998
3.0702
3.5001
3.0178
3.0606
3.0592
3.261
3.3032
3.2449
3.2275
3.2244
3.1969
3.2699
3.0638
3.0421
3.0597
3.0555
3.2492
3.0213
3.0437
3.1401
3.012
3.5217
2.9748
2.9727
3.0004
2.9718
3.0481
3.1299
3.008
3.0089
3.0652
3.2879
3.3352
3.0516
3.018
2.948
2.9853
3.1898
2.907
2.9046
2.8434
2.7962
3.1876
2.8639
2.7973
2.7843
2.7552
2.759
2.9103
2.9043
2.8043
2.8544
2.8557
3.3413
2.9631
3.0981
3.018
3.0295
3.2755
3.0298
3.1319
2.9447
3.05
2.9151
3.4983
2.9529
2.9461
2.8417
2.7833
2.8487
2.8241
2.9578
2.8771
2.8715
3.0816
2.85
2.8423
2.9296
2.7529
2.7978
2.8173
2.7219
2.762
2.871
2.7835
2.7307
3.224
2.7724
2.8253
2.8461
2.6758
2.8447
2.8216
2.8517
2.9285
3.0328
2.9629
3.1327
3.0339
3.0285
3.1827
3.0378
3.261
3.0856
3.1215
3.2393
3.1605
3.673
3.1131
3.0836
3.0756
3.1029
3.2807
3.0752
3.1012
3.0636
3.1401
3.1404
3.1176
3.0898
3.1392
3.3881
3.4541
3.1597
3.1525
3.169
3.3616
3.7566
3.2012
3.1648
3.1065
3.0687
3.0334
2.9019
2.8418
2.8104
2.7989
2.9834
2.7552
2.7763
2.7267
2.7483
2.8666
3.1023
2.8509
2.8362
2.7838
2.7575
3.3564
2.7866
2.7198
2.7535
2.7661
2.7298
3.4909
2.9251
2.8551
2.6763
2.7829
2.8202
2.7532
2.9387
2.7966
2.797
2.8315
3.0662
3.0527
2.9063
2.8833
2.85
3.148
3.1564
2.9706
2.9038
2.8923
2.7836
2.8887
2.8101
2.9211
2.7677
2.8373
2.9314
2.8026
2.9293
2.9561
2.8384
2.8394
2.9852
2.7663
2.8605
2.8432
2.9552
3.2414
3.0587
2.9047
2.9903
2.8727
2.8947
3.3052
2.9206
3.062
2.8853
2.8985
3.0025
2.9048
2.9114
3.1269
2.9865
3.0533
2.9524
2.959
2.9225
3.036
2.9552
3.2619
2.8807
2.8416
2.9074
2.7667
3.2487
2.6966
2.6424
2.635
2.7836
2.6827
2.9233
2.8318
2.7086
2.6886
2.8058
2.71
2.8187
2.7408
2.7097
2.7037
2.8551
2.8608
2.7766
2.7996
2.8541
2.9172
3.0558
3.491
2.9502
2.9058
2.8898
2.8597
3.1057
2.7808
2.8187
2.8044
2.8028
2.9038
2.8293
2.7029
2.7593
2.7827
2.7721
3.0044
2.8172
2.8611
2.8665
2.9937
2.9248
3.2527
2.9362
2.8588
2.8789
2.8028
3.0705
3.2022
2.8117
2.7786
2.7387
2.7231
2.9021
2.9029
2.7886
2.7217
2.6746
2.7622
2.8888
2.8355
2.7888
2.7649
2.7945
2.8556
2.9359
2.7871
2.8092
2.7636
2.822
3.4887
2.9079
2.6892
2.684
2.6798
2.5893
2.8326
2.7704
2.6924
2.6985
2.7185
2.9037
2.7942
2.9139
2.7566
2.7494
2.7458
2.814
2.6584
2.7334
2.6032
2.5688
2.643
3.1461
2.6925
2.753
2.6063
2.6606
2.5383
2.5787
2.4335
2.4723
2.6315
2.5192
2.5661
2.9858
2.9288
2.6526
2.7812
2.8338
2.5849
2.6522
2.6145
2.5951
2.8376
2.6388
2.5679
3.0521
2.5203
2.5216
2.5359
2.6562
2.5434
2.8896
2.6431
2.6835
2.6712
2.8414
2.6802
2.7888
2.6837
2.6846
2.72
2.8174
2.6642
3.1882
2.6876
2.659
2.6376
2.7991
3.048
3.7503
2.957
2.7735
2.9834
2.6814
2.8193
2.736
2.759
2.7043
2.8523
3.2613
2.711
2.7292
2.7545
2.7668
2.8499
2.9179
2.8878
2.8649
2.8423
2.831
3.3161
2.997
2.9033
2.8752
2.8395
2.9331
3.2136
2.9259
2.8015
2.7458
2.8198
2.9169
2.7764
2.7573
2.7808
2.7837
2.8645
3.0163
2.7819
2.7546
2.8423
2.7741
2.8013
3.5327
2.8795
2.7788
2.7916
2.7696
2.8572
2.8767
2.8083
2.7336
2.7538
2.7548
2.9643
2.8758
2.7155
2.7552
2.7729
3.0168
2.753
2.8525
2.6335
2.6369
2.5577
3.1625
2.6277
2.7085
2.5975
2.5732
2.6037
2.6943
2.644
2.777
2.6229
2.6249
2.6512
2.6858
2.6033
2.7431
2.5943
2.6967
2.6428
2.7321
2.6053
2.7822
2.6944
2.6721
2.7069
3.275
2.6512
2.7772
2.7174
2.7062
2.736
2.7785
2.6419
2.6139
2.7515
2.556
2.6242
2.822
2.5575
2.552
2.734
2.5418
2.6011
2.6752
2.6064
2.6353
2.7737
2.6793
2.5666
3.0405
2.439
2.474
2.4112
2.5538
2.4014
2.4893
2.4772
2.4032
2.4153
2.569
2.4075
2.3772
2.4635
2.2917
2.3768
2.3186
2.4777
2.3732
2.5629
2.4201
2.4256
2.467
2.4512
2.6259
2.5334
3.1181
2.5594
2.4734
2.4833
2.5605
2.42
2.5389
2.4243
2.3585
2.4014
2.355
2.4876
2.3826
2.2863
2.3437
2.2767
2.2776
2.2597
2.3891
2.6276
2.6292
2.5771
2.2883
2.3917
2.3812
2.446
2.8262
2.344
2.3995
2.3756
2.4515
2.4078
2.6197
2.4307
2.4683
2.4682
2.5038
2.4774
2.5752
2.6184
2.4408
2.4407
2.4776
2.4094
2.3808
2.7398
2.4495
2.2578
2.2269
2.2346
2.2632
2.2306
3.2943
2.2663
2.2755
2.2527
2.2821
2.338
2.3497
2.458
2.3799
2.1794
2.1706
2.1973
2.2759
2.6697
2.3618
2.6075
2.3891
2.3503
2.375
2.3644
2.4393
2.666
2.4157
2.3118
2.2824
2.312
2.5725
2.7208
2.7227
2.3553
2.2711
2.2694
2.3196
2.3552
2.2849
2.7102
2.2674
2.3028
2.2925
2.3186
2.4832
2.3521
2.7562
2.3764
2.4519
2.4592
2.6447
2.4193
2.4834
2.7711
2.4455
2.4727
2.8072
2.8016
2.4066
2.8811
2.3851
2.3433
2.3536
2.4093
2.3501
2.4199
2.7671
2.4577
2.4255
2.5938
2.4235
2.4499
2.4002
2.737
2.4388
2.544
2.3883
2.4163
2.3354
2.7156
2.3579
2.4049
2.942
2.3447
2.4391
2.4337
2.8307
2.4403
2.5654
2.4291
2.4254
2.4786
2.5169
2.7292
2.5537
2.4756
2.5365
2.4949
2.5523
2.8968
2.5625
2.5293
2.4859
2.5214
2.4308
2.5415
2.9359
2.8865
2.4929
2.5297
2.5153
2.5804
2.9723
2.5315
2.5684
2.5745
2.5171
2.5208
2.8451
2.5558
2.4719
2.4603
2.4318
2.4353
2.4211
2.8102
2.3931
2.4217
2.3458
2.392
2.3141
2.3515
2.8998
2.351
2.312
2.2547
2.3086
2.3828
2.4576
2.8186
2.5242
2.3374
2.3519
2.3784
2.3278
2.7693
2.3207
2.3166
2.3074
2.3554
2.366
2.372
2.6121
2.3566
2.2502
2.2599
2.2937
2.2363
2.8557
2.6309
2.295
2.3091
2.3032
2.3308
2.3372
2.4652
2.6064
2.3549
2.2652
2.2497
2.2477
2.2961
2.2327
2.4145
2.4847
2.2165
2.2217
2.2708
2.466
2.2593
2.2604
2.6883
2.3497
2.4457
2.3584
2.913
2.3893
2.743
2.4201
2.4163
2.3824
2.3998
2.3348
2.3876
2.765
2.4298
2.4973
2.4863
2.6532
2.4896
2.6022
2.8809
2.4708
2.487
2.4961
2.4879
2.4598
2.8076
2.396
2.4277
2.4185
2.365
2.3547
2.3794
2.7776
2.3061
2.3626
2.7083
2.2791
2.2825
2.2856
2.7019
2.3132
2.4908
2.4111
2.3827
2.3397
2.3374
2.7042
2.2691
2.8012
2.2525
2.3018
2.2196
2.1996
2.6424
2.2446
2.2921
2.269
2.2374
2.2029
2.1867
2.5505
2.269
2.2706
2.2947
2.2618
2.2279
2.1761
2.6209
2.4805
2.1927
2.166
2.1607
2.1824
2.205
2.4124
2.9812
2.2441
2.2704
2.2659
2.2536
2.2478
2.398
2.4807
2.2007
2.1736
2.2207
2.308
2.1797
2.1631
2.658
2.1769
2.1803
2.2182
2.1748
2.1925
2.1517
2.4031
2.1113
2.128
2.1223
2.118
2.1223
2.1164
2.1716
3.0611
2.108
2.1483
2.1315
2.1169
2.1192
2.1174
2.6493
2.1211
2.1124
2.1378
2.1429
2.1346
2.1057
2.1894
2.414
2.1558
2.109
2.1105
2.153
2.1181
2.2035
2.1622
2.3902
2.1205
2.1106
2.1647
2.1155
2.245
2.6325
2.4893
2.091
2.1228
2.11
2.1043
2.1385
2.3783
2.2227
2.4536
2.207
2.137
2.1147
2.1126
2.1514
2.0736
2.4247
2.0749
2.0465
2.0523
2.0447
2.0793
2.0385
1.9881
2.4089
2.0467
1.9946
1.9482
1.9562
2.5578
2.01
2.0454
2.3774
2.0197
1.9924
1.9729
2.0399
2.1318
2.02
2.0456
2.4374
2.057
2.0731
2.0416
2.1004
2.0633
2.0232
2.0638
2.283
1.9901
1.9402
1.9493
2.0143
1.9394
1.9206
1.9223
2.1551
2.092
1.9811
1.9823
2.4843
1.97
1.9653
1.9729
2.1814
2.0805
1.9629
1.8995
2.1635
1.9317
1.9135
1.937
1.9543
2.3706
1.9772
2.1072
2.0081
1.9851
2.0066
2.0131
2.0199
2.3732
2.0599
2.3597
2.1015
2.1003
2.1075
2.1167
2.3949
2.2637
2.6026
2.2437
2.1229
2.1168
2.1128
2.0821
2.5925
2.1608
2.1169
2.0901
2.0868
2.053
2.0738
2.1453
2.3585
2.0799
2.0865
2.0939
2.096
2.1001
2.1366
2.3926
2.3846
2.0773
2.0863
2.1419
2.1233
2.1246
2.098
2.981
2.1348
2.187
2.1309
2.1358
2.0936
2.1254
2.3068
2.2128
2.0931
2.1478
2.1232
2.1246
2.1138
2.4768
2.4541
2.096
2.0943
2.0985
2.0968
2.1001
2.2592
2.2659
2.4212
2.3414
2.1269
2.1137
2.0784
2.0749
2.6538
2.4632
2.0802
2.0954
2.1208
2.0835
2.0618
2.1112
2.0313
2.3876
2.0387
1.998
1.9908
1.9569
1.9323
2.0898
1.8865
2.2924
1.8598
1.8701
1.848
1.8858
1.8808
1.9199
1.8828
1.8778
2.2534
1.8118
1.7797
1.7932
1.8197
1.9054
1.8127
1.8016
1.7596
2.07
1.8162
1.8185
1.8314
1.8308
1.9709
1.8428
1.7765
1.8314
2.1631
1.8089
1.817
1.893
1.9253
1.8424
1.8544
1.8134
2.078
2.0423
1.8596
1.9056
1.94
2.5085
1.9538
2.0114
2.087
2.0832
2.0012
2.0022
2.1977
2.0359
2.074
2.093
2.1519
2.086
2.0377
2.0573
2.1093
2.0374
2.0539
2.0334
1.9988
2.0963
1.9214
1.8786
1.9589
1.8502
1.871
1.8163
1.8664
1.9805
1.9066
1.9227
2.3172
1.9405
1.9265
1.9419
1.9301
1.945
2.1026
1.9698
2.0199
1.9009
1.9567
1.872
1.8763
1.9199
2.0635
1.8959
2.1315
1.9541
1.9242
1.9384
1.928
1.9531
1.9453
2.1237
2.0116
1.9155
1.9287
1.9129
1.8998
1.9504
1.9328
2.0282
1.9245
2.4279
1.9208
1.9384
1.9027
1.9203
1.9178
1.9307
2.0305
2.0418
1.9562
1.9613
1.97
1.9879
2.008
1.9823
2.1504
2.0659
2.0649
2.0357
2.04
2.0271
2.017
2.0484
2.2409
2.0096
1.9871
1.9822
2.0013
2.152
2.0114
2.0376
2.6458
2.0451
2.0288
2.0015
2.0146
1.9761
1.9712
2.0137
2.1767
2.0085
1.9778
1.9806
1.9827
1.9862
2.006
2.0369
2.3977
2.047
2.0681
2.0771
2.0725
2.0831
2.0895
2.2669
2.232
2.1014
2.1146
2.1103
2.0882
2.0663
2.0911
2.191
2.2527
2.124
2.116
2.1309
2.1267
2.1459
2.3044
2.2128
2.3366
2.2591
2.3148
2.3445
2.3608
2.4927
2.3363
2.4544
2.3228
2.315
2.3468
2.2944
2.8507
2.2928
2.4208
2.2578
2.2256
2.2297
2.3231
3.1231
2.5407
2.3342
2.2692
2.2244
2.1982
2.3841
2.1764
2.207
2.3461
2.1387
2.0807
2.0745
2.4263
2.0654
2.0557
2.0564
2.2124
2.0671
2.083
2.0715
2.6463
2.111
2.1368
2.227
2.1452
2.116
2.1732
2.1611
2.1179
2.1327
2.1398
2.4025
2.1363
2.138
2.1803
2.0792
2.072
2.0618
2.0566
2.1667
2.075
2.0232
2.0672
1.9746
1.9533
1.9521
1.8963
2.0943
1.9113
1.9422
2.498
1.9729
1.9908
1.9904
1.9514
2.0837
1.9318
1.9112
1.9644
1.9354
1.9196
1.9171
1.8984
1.948
2.1226
1.9594
2.1291
1.9918
1.9574
1.9728
1.9635
1.95
2.1554
1.9643
2.1218
1.954
1.977
1.9423
1.9604
1.9758
2.1455
2.1136
2.4447
1.985
1.9945
1.9879
1.9785
1.9951
2.1601
2.0212
2.156
2.025
2.0154
2.0033
1.9972
2.0279
2.0754
2.1654
2.0232
2.0136
1.9983
2.0052
1.9732
1.9958
1.9898
2.2556
1.9873
1.9577
1.9404
1.9302
1.9474
1.9522
1.9577
2.6612
1.9896
1.9676
1.9363
1.8898
1.9375
1.9435
1.9593
2.276
1.9404
1.8801
1.9081
1.8974
1.8921
1.8919
1.9277
2.022
2.0643
2.0057
2.0922
2.0131
2.043
2.0377
2.0228
2.0958
2.1537
1.9926
1.9753
1.9822
1.9638
1.9334
1.981
2.5339
2.1853
2.009
2.0138
2.0199
2.0344
2.0263
2.0879
2.0192
2.2033
2.0382
2.0532
2.0666
2.0495
2.0216
2.092
1.9978
2.1166
2.0354
2.0117
2.0201
2.0296
2.0728
2.1505
2.1123
2.1955
2.0479
2.0084
2.0223
2.0193
2.3736
2.1705
2.0605
2.1207
1.987
1.987
2.0834
1.9707
2.0062
1.944
1.9296
1.9708
1.967
1.886
1.9058
1.9632
2.041
1.9765
1.9675
1.9606
2.0532
1.9024
1.9594
1.9648
2.0624
2.0044
1.9847
1.974
2.144
2.0192
2.0193
2.0133
2.5227
2.0115
2.0386
2.0711
2.1683
2.0619
2.0322
2.0243
2.1235
1.9713
1.9197
1.9568
2.0162
1.9617
1.9357
1.9549
2.0986
1.9081
1.8892
1.8875
1.8947
2.0382
1.9088
1.9675
2.1245
2.1419
1.998
1.9942
1.9692
2.1368
2.003
2.0225
2.4977
2.0068
2.0282
1.9908
1.9852
2.0334
1.9494
2.0342
1.9861
2.0152
1.976
2.0047
2.0019
1.994
2.1236
2.2917
1.8961
1.9046
1.9183
1.9411
1.9276
1.9053
2.0634
2.0147
1.9155
1.9417
1.9475
1.9872
1.98
1.9485
2.0085
2.241
2.2098
1.9655
1.9588
1.9306
1.9139
1.9121
1.899
2.1706
1.9124
1.8961
1.8747
1.8918
1.954
2.0026
1.869
2.0087
1.9476
1.9201
1.9134
1.9058
1.8886
1.8775
1.8562
1.8701
2.0768
1.8472
1.8282
1.8734
1.86
1.8521
1.8822
1.8289
1.9187
2.285
1.8724
1.8916
1.8894
1.8407
1.8075
1.8267
1.8094
1.9346
1.9387
1.8227
1.8331
1.8408
1.8969
1.8913
1.92
1.9806
2.0744
1.8891
1.8778
1.8973
1.9238
1.9782
1.9502
2.0715
2.0372
2.0608
1.9195
1.9378
1.9126
1.9144
1.9377
1.9152
2.5342
2.0089
1.9091
1.9037
1.9153
1.8734
1.8583
1.8269
1.9168
1.8868
1.9862
1.9061
1.8887
1.8967
1.9274
1.9193
1.9822
1.9415
1.9478
2.0881
1.9781
1.9751
1.9713
1.9501
2.0266
2.0004
2.0204
2.1535
1.9811
1.9505
1.925
1.9493
2.4797
1.9756
1.9731
2.075
1.9662
1.9725
1.9566
1.9278
1.9854
1.9074
1.9324
1.9323
2.001
1.9374
1.9042
1.9142
2.0037
1.8867
1.9347
1.96
2.2134
1.9668
1.9759
1.9473
2.3803
1.9541
1.9042
1.8941
2.0387
1.92
1.9488
1.8981
2.4656
1.9337
1.9353
1.8998
1.8954
2.0838
1.9043
1.9312
2.0006
1.9453
1.9222
1.967
1.9544
2.0449
1.9657
1.9438
2.1391
1.9248
1.896
1.9345
1.9021
1.9011
2.0007
1.9503
2.0084
1.9331
1.94
1.9572
1.9759
1.9872
2.1022
2.0107
2.5271
2.0707
1.9954
1.9592
1.9601
1.9803
2.1377
2.1207
2.1412
2.0467
2.0428
2.0431
2.0633
2.0281
2.1436
2.0153
2.2196
2.032
2.0485
2.0457
2.0372
2.0331
2.1693
2.095
2.0176
2.0138
1.9919
1.9808
1.992
2.0189
2.1426
2.5716
2.0087
2.0152
2.0196
2.0277
1.976
1.974
2.0976
2.0512
1.9377
1.9471
1.9685
1.986
2.0198
2.0239
2.0347
2.1389
1.9754
1.9801
1.9737
1.9614
1.9438
1.9378
1.9181
2.1445
1.9141
1.9717
1.9072
1.9106
1.893
1.9329
1.8401
2.5061
1.9777
1.8265
1.8174
1.7772
1.8103
1.83
1.8108
1.9086
1.8312
1.8227
1.8244
1.8374
1.8311
1.8194
1.821
1.7649
2.2458
1.8625
1.7463
1.7667
1.7659
1.7978
1.754
1.815
1.8378
1.9352
1.807
1.9273
1.85
1.7884
1.8117
1.8491
1.8413
2.0565
2.1954
2.0197
1.895
1.9221
1.9233
1.9017
1.8782
1.9102
1.8429
1.8768
1.972
1.9027
1.8874
1.9923
1.8897
1.9054
2.0692
1.9043
1.8962
2.0365
1.8851
1.9228
1.9142
1.8484
1.9311
1.8962
1.8934
2.1015
1.925
1.9145
1.8955
1.9041
2.367
2.0939
1.9596
1.943
2.0288
1.9593
1.9349
1.8845
2.0065
1.9806
2.0014
2.0213
2.1063
2.0043
2.0013
1.9791
1.9653
1.9595
1.965
1.9575
2.1153
1.9576
1.9714
1.9666
2.1836
1.9724
1.942
1.965
1.9823
2.1431
1.9321
1.9232
2.4924
1.9998
1.8759
1.8704
1.8373
1.945
1.8859
1.8907
2.1522
1.8797
1.8445
1.8825
1.8543
1.8377
1.9273
1.7498
1.7782
1.9431
1.7551
1.7589
1.7461
1.7971
1.7906
1.9311
1.8271
1.7756
1.8994
1.846
1.8459
1.8288
1.8146
1.7417
1.8796
1.7687
2.246
1.8702
1.783
1.8
1.7987
1.7677
1.8058
1.9492
1.8528
2.2027
1.8423
1.8426
1.8443
1.8478
1.819
1.8552
2.0068
1.9544
1.8589
1.8555
1.8927
1.8947
1.9832
1.9124
1.9745
2.258
1.9106
1.918
1.9314
1.8845
1.8516
1.8171
1.8284
1.8992
2.307
1.8922
1.866
1.8756
1.8909
1.8601
1.8666
1.8059
2.2246
1.8481
1.8459
1.8604
1.8367
1.8568
1.8461
1.8384
1.7918
2.0334
1.829
1.8811
1.8776
1.8534
1.8511
1.8668
1.8855
1.98
1.9951
1.8937
1.9092
1.9172
1.9318
1.9769
1.9725
2.5768
2.0981
1.956
2.0085
1.989
1.9645
1.9612
1.9378
2.0854
2.0656
1.9254
1.8822
1.8663
1.8334
1.8457
1.8613
1.9127
1.868
2.0136
1.8943
1.8982
1.8935
1.8903
1.8859
1.9411
2.0093
1.9915
2.0132
1.9672
1.9567
1.9929
1.9848
2.019
2.5389
1.967
2.082
1.9634
1.9733
1.9782
1.9601
2.0519
1.9065
1.9149
2.0227
1.8757
1.8756
1.82
1.8486
1.8321
1.8981
1.8042
1.8306
1.9332
1.7895
1.7807
1.794
1.8177
1.8019
1.831
1.7816
1.8038
1.9903
1.8143
1.7973
1.7534
1.7699
2.1194
1.9154
1.7624
1.7734
1.8954
1.7216
1.7559
1.7671
1.7934
2.1513
1.8264
1.774
1.7763
1.8668
1.793
1.8099
1.82
1.8022
1.9222
1.8538
1.8363
1.8341
1.9222
1.8777
1.8206
1.8143
1.9953
1.823
1.8526
1.8733
1.873
2.0186
1.8878
1.8692
1.8621
2.3842
1.8034
1.7861
1.8223
1.8499
1.9592
1.8464
1.8247
1.8869
1.7594
1.7839
1.7782
1.7531
1.7252
1.8385
1.8921
1.8193
1.8688
1.788
1.7415
1.7875
1.7432
1.7423
1.8332
1.7241
1.7828
2.2867
2.7557
2.4153
2.5827
2.1759
2.2702
2.1188
2.2444
1.9648
2.2305
2.0267
1.9016
1.8753
1.9676
2.083
1.9534
1.8327
1.8393
1.8261
1.8016
1.7731
1.8011
1.9297
2.0307
1.8183
1.7873
1.8119
1.7876
1.8158
1.8233
1.8358
2.1659
1.8817
1.8116
1.861
1.8563
1.8451
1.8263
1.8193
1.7659
2.307
1.8228
1.9827
1.8186
1.8737
1.9115
1.8988
1.8735
2.0786
1.9701
1.9639
1.9744
1.963
1.9445
1.9727
2.0001
2.0136
2.0549
1.9187
1.891
1.8732
1.8844
1.8749
1.9298
1.9827
2.0787
1.9621
1.9382
1.953
1.9383
1.9399
1.9353
2.4304
2.0481
2.1163
2.0297
2.0497
2.0839
2.0698
2.0809
2.1078
2.0558
2
1.9196
1.9219
1.9623
1.9342
1.9056
1.9661
1.8954
1.9908
1.8796
1.8792
1.8331
1.9247
1.8263
1.8879
1.8538
1.8853
2.0274
1.8793
1.8978
1.9013
1.8744
1.9015
2.4534
1.9276
2.0648
1.9561
1.9456
1.9439
1.9425
1.9518
1.9324
1.8856
1.918
2.0237
1.8969
1.9001
1.9416
1.9834
2.3824
1.9805
1.9894
2.1329
1.9706
1.9647
1.9114
1.9535
2.2378
1.9704
1.9912
2.0285
2.0706
1.9837
1.9931
2.2414
2.1768
1.9312
1.9199
1.9283
1.9962
1.9164
1.9217
2.0603
2.0558
1.9967
2.005
1.9972
2.1339
2.0349
2.0675
2.1913
2.0893
2.1476
2.142
2.1453
2.3434
2.1751
2.3414
2.2518
2.2687
2.0862
2.0945
2.1442
2.0268
2.0208
2.499
1.9989
1.9885
1.9746
1.9634
2.0446
1.9455
1.9676
2.0153
1.9744
1.9827
2.0036
2.0242
1.9986
2.1347
1.9995
2.2008
2.0286
2.0636
2.0611
2.0011
1.9984
2.1058
2.3937
2.9158
2.3003
2.1455
2.0783
2.0309
2.1094
2.1614
2.0596
1.8651
1.8648
1.8778
1.8888
1.9212
1.877
2.0118
1.9631
1.8899
1.9007
1.9416
1.9902
1.9592
1.978
2.1124
2.0515
1.9988
2.0327
2.037
2.0851
2.1633
2.1419
2.621
2.194
2.1438
2.1668
2.1942
2.2246
2.2255
2.3519
2.3735
2.2483
2.187
2.1248
2.122
2.1277
2.1546
2.4199
2.1199
2.1385
2.138
2.1702
2.2043
2.2281
2.2002
2.2259
2.1378
2.1694
2.121
2.1195
2.1468
2.6002
2.2339
2.0747
2.0394
2.0455
2.0339
2.0183
2.0523
2.3097
2.2523
2.1016
2.1071
2.0942
2.1025
2.0696
2.1208
2.06
2.154
1.9602
1.9538
1.9246
1.9544
1.9582
2.0249
1.9562
1.9471
2.0044
1.9131
1.9001
1.894
1.8716
2.1539
2.2902
1.884
2.0392
1.9115
1.9016
1.8937
1.8952
2.0882
1.8783
1.8658
1.9795
1.9888
1.8817
1.8203
1.8489
1.8948
1.9298
1.863
1.8405
1.9449
1.8349
1.7452
1.785
1.7824
1.8446
1.7956
1.7684
1.8056
1.8136
1.9288
1.8119
1.8604
1.8319
2.4006
1.87
1.8609
1.8551
2.0092
1.8635
1.8636
1.8258
1.9066
1.8349
1.8063
1.7849
1.8356
2.0001
1.8831
1.8992
1.8858
2.0289
1.8368
1.8656
1.8812
1.847
2.1272
1.9072
1.8414
1.9184
1.89
1.8878
1.8775
1.875
1.8834
2.0352
1.9975
2.0126
2.3334
1.926
1.9355
1.951
1.9268
2.0519
1.9359
2.0028
1.9441
1.9549
1.9655
1.9864
1.9627
2.0938
1.9795
2.1301
1.956
1.9506
1.967
1.961
1.9685
1.9509
2.0608
2.0424
1.9459
1.9596
1.9863
1.9264
1.8379
1.8706
2.0181
1.9238
2.5124
1.9454
1.925
1.9583
1.943
1.9288
1.8777
2.0479
2.0476
1.9135
1.9709
1.9976
2.0061
2.0611
2.1156
2.3185
2.101
2.2213
2.1136
2.1387
2.0908
2.0739
2.0593
2.4563
2.0258
2.034
2.0189
1.9964
1.9914
1.9937
2.6992
2.1478
2.1494
2.0483
2.0074
1.9732
1.9478
1.9288
2.0086
2.0793
1.9798
2.0099
2.1317
2.0647
2.0739
2.1332
2.1187
2.2327
2.1358
2.1145
2.1945
2.1795
2.1335
2.3345
2.3015
2.1232
2.1426
2.1577
2.1482
2.1552
2.7662
2.2768
2.4515
2.2833
2.3011
2.2218
2.2391
2.6641
2.2703
2.4026
2.2819
2.2513
2.2837
2.3008
2.473
2.3114
2.5439
2.3794
2.3767
2.3847
2.4197
2.372
2.3278
2.5098
2.2824
2.2617
2.2775
2.8508
2.338
2.275
2.3455
2.2573
2.2056
2.1764
2.3737
2.2205
2.23
2.4005
2.2207
2.2498
2.2285
2.3288
2.3093
2.2946
2.3731
2.2128
2.2391
2.2278
2.4727
2.3197
2.2585
2.2295
2.3947
2.2227
2.2275
2.6929
2.218
2.2299
2.2397
2.3581
2.2626
2.2851
2.8385
2.3766
2.33
2.3215
2.494
2.3396
2.4605
2.3758
2.3492
2.4091
2.3558
2.5431
2.3327
2.4522
2.3932
2.3887
2.4336
2.411
2.5404
2.6531
2.4278
2.3208
2.2566
2.2637
2.1964
2.3478
2.3001
2.1811
2.2063
2.2388
2.3922
2.2413
2.4033
2.3988
2.2512
2.2564
2.2349
2.2926
2.2734
2.4147
2.8686
2.3733
2.3238
2.2847
2.346
2.3003
2.3804
2.3852
2.279
2.3053
2.3251
2.3182
2.3089
2.5572
2.3113
2.4248
2.4214
2.4092
2.4324
2.3622
2.5563
2.3676
2.3617
2.3492
2.3389
2.3693
2.3493
2.9387
2.3549
2.3657
2.3265
2.3565
2.3717
2.4762
2.4926
2.3605
2.3633
2.3968
2.3769
2.3922
2.4347
2.5022
2.4102
2.3851
2.3954
2.3499
2.5042
2.4226
2.5567
2.3814
2.3687
2.3763
2.3371
2.8687
2.5335
2.3999
2.3861
2.4227
2.36
2.4475
2.566
2.5209
2.4063
2.4254
2.4168
2.4664
2.7587
2.4987
2.5881
2.4583
2.3817
2.4485
2.461
2.4372
2.4072
2.5968
2.3825
2.383
2.4124
2.9487
2.4222
2.6344
2.4881
2.5546
2.4857
2.6325
2.4888
2.5415
2.6873
2.5372
2.5519
2.7386
2.4261
2.4458
2.5973
2.4795
2.4927
2.5762
2.4923
2.4953
2.4644
2.6299
2.5125
2.5868
3.0948
2.6233
2.5909
2.7036
2.4582
2.4638
2.7717
2.4741
2.5464
2.5735
2.9066
2.6105
2.5742
2.5446
2.5366
2.5845
2.7194
2.5744
2.7645
2.6073
2.5712
2.5707
2.6755
2.5262
3.0746
2.5731
2.5236
2.5603
2.5069
2.6435
2.6878
2.4683
2.4733
2.5213
2.5209
2.6291
2.6176
2.4504
2.486
2.483
2.457
2.4361
2.6205
2.7877
2.4799
2.5097
2.514
2.5783
2.668
3.0657
2.5777
2.6021
2.5425
2.5254
2.5026
2.8854
2.5945
2.5729
2.609
2.6295
2.5735
2.7741
2.6581
2.6304
2.6332
2.6462
2.6485
2.8657
2.6659
2.6759
2.7019
2.7649
2.7398
3.2898
2.7654
2.7404
2.6618
2.7424
2.9281
2.8725
2.7209
2.7039
2.6884
2.608
2.6765
2.8543
2.7381
2.712
2.7999
2.684
2.7521
2.8248
2.6715
2.7204
2.7466
2.7801
3.1226
2.8735
2.6577
2.6845
2.6764
2.6381
2.7332
2.7744
2.5858
2.6343
2.6719
2.6816
2.7576
2.8402
2.8268
2.6366
2.6001
2.8782
2.6137
2.5724
2.7083
2.5825
2.5494
2.847
2.9017
2.6045
2.6761
2.5764
2.5371
2.7447
2.6012
2.5598
2.7315
2.5677
2.4803
2.5689
2.4807
2.5091
2.4746
2.5945
2.4325
2.452
2.4937
2.4768
2.5077
2.5654
2.6193
2.545
3.0845
2.5362
2.56
2.5441
2.6884
2.5806
2.7473
2.466
2.4304
2.3783
2.5085
2.3694
2.362
2.5049
2.4117
2.4831
2.4877
2.6206
2.49
2.5717
2.4766
2.506
2.4964
2.465
2.5391
2.7467
2.7545
2.5566
2.6145
2.5943
2.7328
2.6878
2.5796
2.5346
2.576
2.5703
2.774
2.7278
2.5558
2.5951
2.6231
2.5767
2.6167
2.756
2.5722
2.5822
2.5068
2.5726
2.6571
3.3099
2.5549
2.6085
2.5877
2.6572
2.72
3.0455
2.7506
2.6772
2.6097
2.6414
2.7879
2.8973
2.6402
2.6689
2.6972
2.6908
2.7395
2.8923
2.7337
2.7361
2.7583
2.7561
2.8685
3.2905
2.662
2.6669
2.6989
2.7139
2.8123
2.814
2.7737
2.7915
2.8075
2.7735
2.8
2.8829
2.8151
2.8101
2.8718
3.0026
2.9142
3.0023
2.8218
2.7399
2.7316
3.2981
2.712
2.8677
2.6598
2.6306
2.6227
2.712
2.5454
2.7187
2.5986
2.5853
2.6404
2.7421
2.6031
2.7155
2.4991
2.5111
2.4944
2.5823
2.4534
2.4393
2.5251
2.4005
2.3827
2.5949
2.8091
2.3976
2.4848
2.6722
2.5675
2.529
2.713
2.5781
2.638
2.7623
2.6424
2.651
2.9241
2.7384
2.7626
2.9162
2.8491
3.0074
2.7826
2.7888
2.8521
2.9042
2.827
3.3613
2.8517
2.832
2.8907
2.8914
2.8849
2.7489
2.7144
2.7014
2.7415
2.6563
2.6813
2.5964
2.6192
2.6278
2.5922
2.8059
2.7327
2.7027
2.651
2.622
2.5824
2.7197
3.0344
2.5395
2.508
2.5695
2.5282
2.6598
2.6733
2.6213
2.5418
2.5931
2.4869
2.5514
2.7164
2.5357
2.5233
2.6162
2.6832
2.7251
3.2914
2.6589
2.6807
2.7056
2.7415
2.7115
3.3652
2.7479
2.761
2.7115
2.7237
2.6543
2.8474
2.668
2.6213
2.6676
2.6586
2.6444
2.9177
2.7572
2.7861
2.8289
2.8502
3.0465
2.9709
2.7454
2.8162
2.672
2.6482
3.1909
2.7834
2.592
2.6411
2.6282
2.6741
2.7738
2.8253
2.6551
2.7261
2.7324
2.8119
2.7292
2.8609
2.7336
2.7545
2.7221
3.3236
3.5139
3.4851
2.947
2.8169
3.1772
2.8155
2.9004
2.7735
2.7865
2.8443
2.9219
2.8548
3.0437
2.9029
2.9672
3.0914
3.005
3.0597
2.9147
2.8976
2.9104
2.8972
2.7683
2.9427
2.7819
2.7936
3.342
2.8374
2.8189
2.9254
2.8259
2.8039
2.9381
2.7123
2.7122
2.8203
2.6423
2.8427
2.6591
2.6043
2.5986
2.674
2.5417
2.6391
2.5977
2.6073
2.6749
2.8597
2.7032
3.226
2.7475
2.7792
2.7836
2.811
2.6364
2.7089
2.5511
2.4933
2.5358
2.5426
2.7604
2.6662
2.5066
2.5425
2.5348
2.5322
2.7247
2.6418
2.6183
2.5919
2.5244
2.5119
2.4729
2.7586
2.9629
2.4327
2.4338
2.4288
2.4378
2.494
2.4977
2.3558
2.3438
2.3562
2.3755
2.3668
2.6847
2.502
2.4777
2.4443
2.4773
2.4391
2.5777
2.6041
2.3688
2.3581
2.3907
2.3434
2.4282
2.8722
2.494
2.4878
2.4979
2.4498
2.532
2.4638
2.8775
2.5747
2.418
2.4284
2.4643
2.4608
2.4979
2.637
2.4911
2.5229
2.5235
2.5234
2.635
2.6433
2.5847
2.5312
2.6162
2.6376
3.2234
2.7967
2.5912
2.666
2.6089
2.5602
2.7279
2.521
2.6577
2.5319
2.5232
2.538
2.5859
2.6335
2.675
2.5814
2.6044
2.6232
2.8328
2.7358
2.9421
2.7427
2.7023
2.7066
3.3304
2.7163
2.8562
2.6832
2.5954
2.6023
2.7482
2.5896
2.7203
2.6102
2.6017
2.6678
2.7117
2.6097
2.6625
2.8282
2.7041
2.6624
2.8325
2.6331
2.5981
2.731
2.7079
2.5717
3.0963
2.5501
2.4607
2.5768
2.4748
2.4966
2.5524
2.5469
2.5498
2.5274
2.6175
2.4641
2.6261
2.381
2.4034
2.3756
2.5129
2.3335
2.3524
2.7447
2.3219
2.3934
2.3297
2.5427
2.3551
2.7984
2.3647
2.3742
2.2938
2.2848
2.3997
2.282
2.3175
2.2995
2.3438
2.3572
2.4119
2.5342
2.3119
2.5862
2.2956
2.3057
2.2898
2.3013
2.4489
2.3579
2.3369
2.3746
2.3539
2.4241
2.3568
2.4217
2.8454
2.3413
2.2919
2.2792
2.1821
2.2492
2.3371
2.3393
2.246
2.2027
2.212
2.1791
2.1515
2.2325
2.3666
2.1668
2.1767
2.208
2.2098
2.2274
2.1679
2.3786
2.1458
2.1367
2.1428
2.1594
2.1775
2.2299
2.3088
2.5184
2.1805
2.1475
2.2322
2.1382
2.1608
2.1466
2.3972
2.1869
2.1826
2.1477
2.1487
2.1241
2.1391
2.2064
2.3174
2.2162
2.2158
2.2323
2.1906
2.184
2.2703
2.2264
2.1613
2.1728
2.1519
2.1553
2.1391
2.4427
2.377
2.2237
2.1192
2.0765
2.0795
2.079
2.0695
2.1843
2.1021
2.1948
2.0345
2.0251
2.0373
2.078
2.2993
2.0607
2.0848
2.277
2.0495
2.1145
2.0883
2.1718
2.2659
2.0138
2.1327
2.0404
2.025
1.9844
1.9573
1.9589
2.3906
1.9248
1.9176
2.0406
1.9226
1.9883
1.9649
2.1693
1.9811
2.0302
2.0427
2.1909
2.0734
2.0412
2.0301
2.0913
2.0346
2.0614
2.0412
2.1978
2.0574
2.0849
2.0453
2.1493
2.0012
2.0369
2.0532
2.2057
2.063
2.0235
2.0047
2.4878
1.9586
1.9769
1.9733
2.1243
1.9936
2.0143
2.2033
2.118
2.1666
2.205
2.1069
2.239
2.0968
2.0946
2.6518
2.1225
2.1719
2.1425
2.1954
2.0948
2.1272
2.2012
2.1467
2.1312
2.1645
2.1525
2.2925
2.1473
2.7536
2.2101
2.1853
2.2371
2.1426
2.2738
2.0728
2.1353
2.0758
2.1661
2.1109
2.1345
2.1243
2.2844
2.1435
2.4367
2.1125
2.2546
2.1481
2.1994
2.1747
2.2734
2.2055
2.1049
2.0906
2.1126
2.0809
2.2158
2.1942
2.2632
2.1942
2.1752
2.1601
2.1823
2.1827
2.1764
2.7462
2.2526
2.2865
2.2979
2.3092
2.3201
2.355
2.4057
2.2617
2.2217
2.22
2.1896
2.2329
2.4998
2.5261
2.2606
2.2929
2.3054
2.2603
2.2805
2.3222
2.3747
2.3237
2.2829
2.3374
2.322
2.2349
2.7892
2.2804
2.3739
2.2445
2.3149
2.355
2.3431
2.4584
2.3831
2.5652
2.3889
2.4206
2.4698
2.5477
2.5236
2.6042
2.5023
2.4416
2.4602
2.3803
2.599
2.3579
2.4401
2.2954
2.324
2.3721
2.9066
2.3868
2.3586
2.4938
2.3246
2.3501
2.3361
2.4046
2.342
2.2758
2.4279
2.313
2.344
2.3826
2.5603
2.3738
2.4368
2.5049
2.3561
2.3159
2.4698
2.2834
2.2978
2.3534
2.4684
2.4444
2.3829
2.783
2.373
2.3956
2.425
2.501
2.4509
2.4675
2.4581
2.4643
2.4667
2.615
2.473
2.4122
2.5365
2.4438
2.4603
2.4273
2.6026
2.446
2.5455
2.4172
2.4606
2.4049
2.4335
2.6061
2.5595
3.227
2.4611
2.4308
2.4067
2.5836
2.4058
2.6268
2.4023
2.4624
2.4499
2.4967
2.5567
2.5911
2.5081
2.4177
2.4051
2.438
2.3895
2.7675
2.3902
2.3914
2.3355
2.3196
2.3046
2.2524
2.8936
2.2002
2.1721
2.2176
2.2088
2.195
2.2138
2.4273
2.253
2.2246
2.2186
2.2218
2.3456
2.2857
2.4803
2.3437
2.3309
2.3922
2.4034
2.3894
2.4319
2.5382
2.3496
2.3323
2.3297
2.3636
2.3288
2.3364
3.1699
2.3746
2.3657
2.4755
2.3522
2.3766
2.4911
2.5482
2.3704
2.3315
2.3161
2.2897
2.2676
2.3533
2.3579
2.2364
2.1735
2.1956
2.16
2.1758
2.3849
2.3992
2.2005
2.2128
2.2254
2.28
2.2475
2.7802
2.3367
2.2252
2.2698
2.2417
2.2117
2.1989
2.2208
2.206
2.3376
2.166
2.1713
2.2188
2.2009
2.314
2.2267
2.4102
2.1769
2.1515
2.186
2.1796
2.3617
2.2082
2.193
2.3282
2.1885
2.1515
2.1476
2.8477
2.173
2.1871
2.3206
2.1307
2.1019
2.1149
2.5112
2.1207
2.1195
2.0962
2.2086
2.0621
2.0738
2.1309
2.3211
2.186
2.2087
2.3355
2.2591
2.2252
2.2146
2.2294
2.2005
2.1535
2.126
2.2778
2.1348
2.1068
2.6948
2.1098
2.1222
2.1412
2.2233
2.0482
2.04
2.1063
2.0866
2.0887
2.1783
2.0752
2.283
2.1132
2.1171
2.2347
2.1385
2.1122
2.1271
2.1158
2.2864
2.1505
2.2934
2.1957
2.1603
2.151
2.1845
2.1655
2.3665
2.4956
2.4674
2.2088
2.2755
2.2673
2.2724
2.3785
2.2883
2.2186
2.1534
2.155
2.1217
2.0982
2.242
2.2034
2.1187
2.147
2.1586
2.1819
2.192
2.2023
2.2894
2.2603
2.2243
2.2709
2.2723
2.2803
2.3954
2.407
2.8268
2.2938
2.3306
2.3342
2.2867
2.2981
2.4748
2.321
2.3504
2.315
2.3123
2.3684
2.33
2.569
2.2982
2.3073
2.3245
2.2366
2.2388
2.2508
2.4978
2.2122
2.2122
2.2752
2.2181
2.1734
2.1967
2.4283
2.3373
2.2453
2.3113
2.2909
2.2966
2.3324
2.4267
2.4946
2.3285
2.2637
2.2408
2.2381
2.2454
2.2529
2.4393
2.221
2.2232
2.2594
2.2498
2.3176
2.7712
2.4121
2.2657
2.3123
2.2843
2.2927
2.2761
2.3501
2.2071
2.3076
2.1618
2.202
2.1822
2.1788
2.2304
2.1706
2.3517
2.189
2.1543
2.1842
2.2646
2.3608
2.2243
2.293
2.3628
2.2558
2.2696
2.3294
2.8749
2.311
2.4465
2.336
2.2624
2.2819
2.5179
2.622
2.3205
2.3732
2.3123
2.3869
2.2322
2.2959
2.3181
2.317
2.3234
2.4679
2.314
2.3616
2.3599
2.2895
2.2644
2.2568
2.2734
2.234
2.236
2.6187
2.1633
2.2103
2.177
2.3413
2.2514
2.293
2.315
2.2687
2.3167
2.2673
2.3924
2.232
2.2833
2.3133
2.2515
2.2652
2.2419
2.2564
2.4224
2.2448
2.2748
2.2147
2.1762
2.2182
2.2091
2.3109
2.2035
2.7233
2.2128
2.2198
2.1779
2.1715
2.3059
2.1705
3.0887
2.4639
2.4333
2.2734
2.1774
2.3219
2.1821
2.2967
2.1766
2.1553
2.1559
2.1348
2.1731
2.2924
2.3329
2.1497
2.2043
2.1646
2.147
2.133
2.3015
2.69
2.147
2.1749
2.1967
2.1592
2.1834
2.2005
2.4259
2.182
2.197
2.1777
2.1571
2.1104
2.1543
2.2703
2.1701
2.1598
2.1785
2.3131
2.1911
2.1589
2.1408
2.5643
2.1525
2.1335
2.1691
2.1597
2.1921
2.1468
2.7658
2.1469
2.1326
2.1472
2.1874
2.1729
2.2237
2.4265
2.315
2.1795
2.1388
2.145
2.1536
2.1653
2.3939
2.2684
2.1943
2.2042
2.2368
2.2254
2.2103
2.275
2.1848
2.3758
2.2144
2.2123
2.2213
2.2448
2.6025
2.327
2.3114
2.1909
2.1883
2.2247
2.2799
2.2975
2.1731
2.2751
2.1916
2.1836
2.1685
2.1846
2.3118
2.2403
2.1452
2.2476
2.0799
2.104
2.0775
2.0878
2.2971
3.2631
2.3337
2.1698
2.1017
2.0846
2.0932
2.694
2.1211
2.0865
2.2351
2.0643
2.0876
2.1305
2.2936
2.0996
2.0817
2.0408
2.1356
2.0235
2.0389
2.0097
2.0818
2.0156
2.0446
2.0677
2.2632
2.0192
2.0242
2.0629
1.9947
1.9783
2.0098
1.9627
2.1014
1.9517
1.969
2.3939
2.0744
1.9938
1.9693
1.9689
2.0327
1.9405
1.9437
2.0479
1.9702
1.9903
1.9807
1.9935
2.163
2.0065
2.0201
2.0861
2.0184
2.025
2.0321
2.0748
2.1301
2.136
2.0398
2.1256
2.0825
2.1234
2.1112
2.0763
2.2088
2.0714
2.5924
2.1193
2.058
2.0558
2.0674
2.07
2.2155
2.1001
2.238
2.1148
2.1081
2.1437
2.1837
2.2696
2.354
2.1914
2.1341
2.1418
2.1587
2.168
2.1308
2.2225
2.2178
2.1182
2.1229
2.1249
2.1028
2.0877
2.0584
2.2313
2.7709
2.093
2.0992
2.0678
2.0836
2.1225
2.0951
2.3643
2.1086
2.0823
2.0916
2.0737
2.0983
2.0993
2.1775
2.2997
2.0969
2.0899
2.0657
2.1302
2.1237
2.1379
2.3986
2.112
2.1134
2.1209
2.118
2.1445
2.1009
2.3468
2.5514
2.0432
2.0456
1.986
1.989
2.0369
2.0717
2.4183
2.2342
2.145
2.138
2.1241
2.1421
2.1848
2.3139
2.279
2.2052
2.1331
2.0992
2.0929
2.1303
2.2298
2.1049
2.2074
2.0971
2.1186
2.1119
2.1737
2.1267
2.6174
2.0908
2.2735
2.0599
2.0711
2.0803
2.1053
2.171
2.1087
2.1326
2.18
2.0826
2.0979
2.0907
2.0861
2.2283
2.07
2.1098
2.2231
2.2209
2.1074
2.1124
2.1548
2.1359
2.1346
2.2818
2.1711
2.2066
2.2308
2.4973
2.4614
2.1962
2.2456
2.2107
2.118
2.1692
2.3486
2.3279
2.2225
2.2461
2.411
2.1821
2.2281
2.2647
2.1054
2.0964
2.0685
2.0725
2.2047
2.0783
2.1213
2.1654
2.1073
2.133
2.1022
2.2806
2.1342
2.0844
2.2709
2.3836
2.0722
2.0241
2.0336
2.2291
2.0665
2.0834
2.3042
2.0872
2.1315
2.1673
2.1287
2.2187
2.1297
2.1761
2.1045
2.0886
2.0906
2.0572
2.0484
2.2296
2.0829
2.136
2.1025
2.1408
2.1761
2.0766
2.07
2.2468
2.7243
2.1009
2.0971
2.0933
2.0934
2.1197
2.2475
2.3167
2.1011
2.0813
2.0998
2.1099
2.1309
2.1764
2.2647
2.2469
2.1852
2.1941
2.2224
2.2488
2.2798
2.4312
2.5158
2.3784
2.4561
2.3368
2.3519
2.2649
2.4013
2.2956
2.2048
2.1762
2.1467
2.1259
2.1799
2.1226
2.5471
2.1237
2.1442
2.0988
2.0772
2.0663
2.0851
2.2829
2.1981
2.1712
2.137
2.1778
2.1914
2.2078
2.2957
2.5993
2.2439
2.2712
2.2581
2.2285
2.2507
2.3148
2.357
2.2374
2.2545
2.2037
2.1925
2.243
2.3663
2.9064
2.2348
2.2151
2.2211
2.2579
2.2931
2.3551
2.2483
2.4112
2.2134
2.1662
2.2049
2.2078
2.3061
2.245
2.4467
2.2465
2.2586
2.2685
2.2442
2.4115
2.2167
2.3583
2.1632
2.1653
2.1843
2.2222
2.4421
2.5337
2.2649
2.3552
2.2475
2.2885
2.2794
2.3219
2.2512
2.2225
2.3401
2.1901
2.2085
2.1745
2.2377
2.181
2.223
2.2897
2.2893
2.2202
2.2816
2.4636
2.4108
2.3917
2.251
2.3143
2.2657
2.2252
2.74
2.2591
2.2463
2.2725
2.4213
2.3059
2.3614
2.48
2.3242
2.3914
2.3225
2.4644
2.3173
2.3599
2.421
2.3125
2.3024
2.3542
2.3534
2.2792
2.3008
2.2189
2.217
2.2593
2.2643
2.3008
2.1979
2.2165
2.8471
2.2209
2.2903
2.3078
2.547
2.3667
2.4555
2.3911
2.3493
2.3778
2.464
2.572
2.3875
2.3934
2.3603
2.3133
2.3274
2.3432
2.3482
2.2911
2.4334
2.2649
2.2793
2.2998
2.2904
2.4659
2.6573
2.6242
2.3567
2.3393
2.3362
2.3043
2.4987
2.3215
2.2794
2.3176
2.2871
2.2855
2.2823
2.4182
2.3196
2.3082
2.2818
2.2488
2.252
2.2849
2.2641
2.5186
2.3693
2.3468
2.3487
2.3219
2.3056
2.2831
2.8126
2.2941
2.2728
2.2321
2.213
2.1784
2.2611
2.3022
2.1471
2.1448
2.1423
2.1339
2.1186
2.1027
2.419
2.2801
2.1909
2.1874
2.1717
2.1388
2.0932
2.2998
2.286
2.1362
2.1335
2.1515
2.1757
2.1507
2.5016
2.4978
2.337
2.1354
2.1159
2.1085
2.1197
2.1552
2.0936
2.2053
2.1069
2.1393
2.1663
2.1706
2.0984
2.1601
2.0944
2.242
2.2546
2.1486
2.1444
2.1264
2.2073
2.0948
2.1093
2.3079
2.1405
2.1768
2.1606
2.1469
2.6571
2.1236
2.2131
2.2088
2.1899
2.2068
2.185
2.282
2.2141
2.238
2.3889
2.2552
2.2268
2.265
2.3864
2.2656
2.263
2.3572
2.2268
2.2271
2.2113
2.2973
2.2117
2.172
2.3263
2.1561
2.1801
2.187
2.6753
2.2177
2.1672
2.1352
2.2536
2.1094
2.2563
2.1826
2.1253
2.1819
2.1549
2.364
2.1926
2.1901
2.2514
2.2029
2.2072
2.1791
2.1769
2.3351
2.2005
2.4287
2.1151
2.1079
2.1177
2.1409
2.1537
2.1443
2.1314
2.7379
2.1483
2.1868
2.2018
2.2809
2.3952
2.2282
2.3477
2.2153
2.2151
2.2442
2.2914
2.3495
2.1974
2.6674
2.2362
2.2526
2.3053
2.2548
2.3869
2.3639
2.3262
2.3334
2.4269
2.3607
2.3549
2.4813
2.8803
2.4183
2.3877
2.3257
2.3568
2.3747
2.5406
2.4559
2.3748
2.4143
2.4114
2.4116
2.4346
2.6335
2.3897
2.3648
2.4046
2.34
2.3158
2.3704
2.6323
2.427
2.3247
2.3443
2.3979
2.3169
2.2702
2.9536
2.2468
2.236
2.2649
2.2425
2.265
2.3321
2.4121
2.4246
2.3992
2.4626
2.5413
2.4171
2.4491
2.5069
2.3562
2.346
2.3817
2.3787
2.4359
2.4865
2.4139
2.3372
2.326
2.4064
2.3876
3.0415
2.6249
2.4342
2.4765
2.4426
2.5269
2.5956
2.501
2.5516
2.4508
2.4495
2.4834
2.5006
2.6198
2.4835
2.5966
2.4215
2.4879
2.4439
2.6348
2.5233
2.6509
2.4949
2.4499
2.4658
2.4646
2.5549
2.4145
2.5559
2.3738
2.4211
2.493
3.089
2.4756
2.6736
2.5434
2.5271
2.5906
2.7389
2.6548
2.6989
2.7985
2.5914
2.6489
2.7
2.6253
2.6342
2.7562
2.596
2.6073
2.8536
2.5793
2.5746
2.7536
2.566
2.5771
2.9796
2.4605
2.5174
2.5185
2.6846
2.6088
2.6417
2.5783
2.5932
2.6164
2.6714
2.5614
2.688
2.5632
2.5267
2.6003
2.7128
2.538
2.6139
2.5056
2.5303
2.4741
2.5161
2.607
2.6778
2.5417
2.4822
2.5075
2.432
2.5999
2.5451
2.6999
2.6376
2.6503
2.6228
2.5565
2.858
2.5401
2.5191
2.5697
2.5328
2.5949
2.7903
2.6006
2.5485
2.5105
2.499
2.5574
2.5318
3.0696
2.6069
2.5904
2.6633
2.7045
2.7109
3.0246
2.7923
2.6798
2.6996
2.6321
2.6686
2.7636
2.5546
2.5724
2.5766
2.5454
2.6045
2.643
2.4787
2.4146
2.4405
2.4187
2.5359
2.7468
2.5353
2.3981
2.4072
2.3879
2.4292
3.6828
3.3362
2.5745
2.4874
2.3998
2.4629
2.3972
2.3753
2.516
2.4314
2.3155
2.2372
2.296
2.2219
2.2655
2.469
2.3646
2.3581
2.3561
2.4769
2.3769
2.3609
2.4287
2.3542
2.3867
2.3755
3.0224
2.4296
2.4868
2.4549
2.439
2.4476
2.5879
2.47
2.4153
2.5562
2.4151
2.3852
2.5312
2.4722
2.4712
2.4035
2.5266
2.4496
2.4187
2.5679
2.4888
2.457
2.4449
2.5283
2.4392
2.9733
2.4129
2.3729
2.4004
2.4804
2.384
2.3622
2.4594
2.3584
2.3979
2.4885
2.6346
2.4883
2.4917
2.3993
2.3504
2.4033
2.3797
2.5615
2.3765
2.521
2.4429
2.4321
2.4189
2.3503
2.5158
2.836
2.3782
2.2972
2.2564
2.2607
2.2121
2.3131
2.3644
2.2534
2.2127
2.1425
2.124
2.1495
2.2186
2.2279
2.1295
2.1336
2.2608
2.1776
2.1402
2.1587
2.309
2.312
2.2031
2.2062
2.1963
2.1814
2.2302
2.3249
2.8382
2.2117
2.2099
2.2319
2.215
2.221
2.2711
2.6659
2.2439
2.2258
2.2609
2.2603
2.3059
2.5222
2.6395
2.3478
2.3062
2.2602
2.2564
2.2268
2.3259
2.3712
2.3124
2.2866
2.2863
2.2775
2.2718
2.7467
2.4328
2.3114
2.3134
2.3478
2.4608
2.2697
2.3605
2.4146
2.2679
2.2664
2.2774
2.2151
2.2878
2.4132
2.4462
2.384
2.3855
2.3629
2.3775
2.4197
2.2844
2.472
2.3351
2.4205
2.3951
2.3727
2.8998
2.4063
2.5183
2.4044
2.36
2.3434
2.442
2.3391
2.3962
2.5963
2.4326
2.422
2.3863
2.5132
2.3812
2.3868
2.4781
2.3159
2.3253
2.2816
2.4259
2.467
2.3077
2.5128
2.3481
2.3951
2.7419
2.6125
2.4383
2.583
2.4372
2.4174
2.3481
2.4549
2.3571
2.3577
2.5155
2.3552
2.4244
2.5606
2.4599
2.4087
2.4793
2.5607
2.4527
2.3643
2.7026
2.3488
2.3163
2.3354
2.4233
2.3882
2.7764
2.5786
2.3739
2.3843
2.3657
2.3762
2.3074
2.3804
2.2701
2.289
2.2536
2.3619
2.4441
2.3039
2.5089
2.2813
2.2602
2.2535
2.3159
2.4122
2.3235
2.3694
2.2626
2.2327
2.2583
2.2156
2.3604
2.1948
2.8152
2.1853
2.2204
2.213
2.2254
2.4224
2.3106
2.2142
2.234
2.2226
2.2183
2.1904
2.1655
2.2646
2.2799
2.1607
2.2086
2.1972
2.2831
2.2278
2.3303
2.2903
2.2344
2.1756
2.1735
2.1866
2.2036
2.2359
3.0969
2.2449
2.2966
2.3036
2.2692
2.2331
2.1855
2.4902
2.1668
2.1514
2.1461
2.154
2.1228
2.1135
2.3327
2.0799
2.1173
2.1316
2.1578
2.1294
2.1684
2.2734
2.4048
2.227
2.2338
2.2606
2.2886
2.244
2.8627
2.4405
2.3401
2.3057
2.2923
2.363
2.3435
2.4241
2.5197
2.2874
2.3092
2.3412
2.3335
2.4202
2.4321
2.5108
2.4643
2.3722
2.3744
2.3716
2.4821
2.4202
2.5959
2.4108
2.4361
2.3951
2.3648
2.8968
2.3812
2.4863
2.3066
2.3229
2.2894
2.378
2.2865
2.2708
2.3631
2.2675
2.2714
2.3105
2.4631
2.2747
2.2224
2.364
2.1629
2.1361
2.1646
2.2056
2.183
2.1923
2.1912
2.2376
2.1186
2.1321
2.0794
2.6908
2.0872
2.0623
2.2369
2.0638
2.053
2.1417
2.14
2.0989
2.1248
2.1173
2.2683
2.1432
2.1396
2.418
2.2352
2.1873
2.1846
2.3122
2.241
2.2624
2.4349
2.2566
2.2795
2.2677
2.2506
2.4398
2.2264
2.7751
2.1776
2.1697
2.1405
2.1197
2.2931
2.1747
2.27
2.1453
2.1129
2.1697
2.1625
2.1439
2.2428
2.1216
2.2441
2.1578
2.1638
2.1678
2.1531
2.3362
2.1631
2.9168
3.1666
2.2163
2.213
2.2131
2.3718
2.7434
2.282
2.2806
2.265
2.3279
2.2821
2.4632
2.3627
2.2915
2.2414
2.2999
2.2486
2.2429
2.3671
2.5482
2.1845
2.2335
2.157
2.1253
2.1143
2.1349
2.2979
2.1791
2.1131
2.1376
2.1432
2.1149
2.147
2.7748
2.1306
2.107
2.135
2.1153
2.129
2.1687
2.2425
2.34
2.1347
2.0932
2.0395
2.0558
2.1458
2.0535
2.1343
2.2215
2.0733
2.0259
2.0245
2.0143
2.0361
2.1551
2.0236
2.1142
1.9704
1.9663
1.9799
1.9621
1.9666
2.3656
2.2058
2.1857
2.0393
2.0467
2.0396
2.0115
2.0362
2.2837
2.0779
2.2626
2.1958
2.1277
2.1113
2.0892
2.2634
2.06
2.0607
2.2034
2.0288
1.969
1.9759
1.9931
2.0338
2.0151
2.0116
2.1722
2.0204
2.0237
1.973
2.0014
2.5486
2.0811
2.0086
2.1278
2.0068
1.9949
2.0051
2.0781
2.0275
2.0287
2.0357
2.1871
2.0451
2.0058
1.9856
2.0522
1.9961
1.988
2.0287
2.1343
2.0029
2.0054
1.9952
2.0463
1.9244
1.9258
1.9132
1.955
2.0395
1.9347
1.9698
2.545
1.9551
1.9745
1.9586
1.973
2.1025
1.9963
1.9844
2.0494
2.0151
2.0264
2.0222
2.012
2.1811
2.0347
2.0509
2.1142
2.0764
2.0655
2.0612
2.1973
2.1169
2.0388
2.1517
2.086
2.0549
2.0591
2.0562
2.0442
2.3832
2.0282
2.5009
1.9745
2.0215
2.0462
2.0419
2.0279
2.2004
2.0657
2.0207
2.0102
2.025
2.0113
2.0492
2.0396
2.1387
2.234
2.0642
2.0683
2.0569
2.1033
2.0946
2.056
2.1148
2.0855
1.9817
2.0063
2.006
2.0075
1.9961
2.0211
2.1252
2.5943
1.9977
1.9923
1.9774
2.0152
2.0629
2.0746
2.3436
2.1022
2.1469
2.1725
2.1467
2.1361
2.1569
2.1791
2.2337
2.1359
2.1096
2.0971
2.1189
2.124
2.0898
2.2956
2.0457
2.0346
2.0627
2.0319
2.0344
1.9899
1.9985
2.707
2.0167
1.9957
2.0407
2.0548
2.0442
2.0514
2.1216
2.1028
1.9951
1.9917
2.0048
1.9736
1.9772
2.0194
2.143
2.1069
2.0631
2.0346
2.0214
2.0203
2.0662
2.0922
2.117
2.0224
2.1469
2.1091
2.0269
1.9756
1.9572
1.9515
2.4811
1.9642
2.1512
1.9077
1.9324
1.9234
1.9303
1.9537
2.0221
2.0211
2.0899
1.9961
2.0002
2.0195
1.9856
1.9629
2.3447
1.9096
2.0401
1.9226
1.8795
1.9191
1.9476
1.9279
2.1465
1.9277
1.8888
1.9794
1.8721
1.8729
1.8746
1.8642
2.4222
1.8999
1.898
2.0233
1.8625
1.8756
1.8385
1.8096
2.0401
1.8199
1.8414
1.8486
1.9642
1.8512
1.8473
1.9228
1.7784
1.8917
1.8071
1.8337
1.8219
1.9224
1.8106
1.7964
1.815
1.8669
1.7949
1.7921
1.7788
1.7821
1.8966
1.7966
1.7991
1.7596
2.3523
1.7978
1.7681
1.8112
1.7824
1.8863
1.7704
1.7349
1.8138
1.848
1.7807
1.7984
1.7672
1.8221
1.9065
1.8577
1.8058
1.8578
1.7547
1.8025
1.8045
1.8125
1.8284
1.8254
1.8909
1.829
1.9119
1.8154
1.8227
1.8265
1.7942
1.8583
1.8604
1.9709
1.8568
2.3624
1.8236
1.9073
1.8315
1.8517
1.8419
2.0059
1.8648
1.887
1.8642
1.8659
1.8764
1.8704
1.8813
1.8535
2.0246
1.9667
1.9405
1.8714
1.8387
1.8763
1.8925
1.8837
1.8898
1.9736
1.9644
1.8938
1.9314
1.9042
1.9149
1.8525
1.8885
1.9059
2.5022
1.8856
1.8644
1.9143
1.8899
1.9065
1.8973
1.8635
2.1461
1.9126
1.9252
1.9309
1.9133
1.9228
1.9193
1.9158
1.9738
2.1441
1.949
1.9633
1.9533
1.9983
2.0585
1.9929
2.081
2.1513
1.9897
1.961
1.9556
1.9531
1.9275
1.9583
2.0394
2.5145
1.9328
1.9304
1.9502
1.9236
1.9159
1.8836
1.9907
1.9227
2.0669
1.9334
1.9438
1.9477
1.932
1.9565
1.9056
2.1104
2.0531
1.931
1.8975
1.913
1.9433
1.9306
1.912
1.9878
1.962
2.0353
1.9074
1.9153
1.8971
1.9036
1.8879
2.4162
1.8968
2.0696
1.9354
2.0026
1.9638
1.9716
1.9515
2.6453
1.9194
2.0688
1.9144
1.9434
1.9281
1.9289
1.917
1.9641
1.9335
1.8905
2.0473
1.9145
1.8767
1.9055
1.9029
1.9703
1.88
1.8912
2.023
1.9065
1.8767
1.8726
1.8717
2.2835
1.9125
1.8719
1.8701
1.9798
1.8926
1.9015
1.909
2.0457
1.8832
1.8951
1.8982
1.8579
2.0137
1.8944
1.9184
1.9517
2.0446
1.983
1.9867
1.9762
2.1126
1.9889
1.9712
1.9461
1.9679
1.9171
1.9428
1.9141
2.0917
1.9133
1.8682
1.8473
1.9189
1.855
1.7967
1.8199
1.8326
1.9503
1.8512
1.8795
2.0082
2.3495
1.9247
1.8801
1.89
1.9311
2.0262
1.9695
2.1222
3.0021
2.1668
2.0283
1.947
1.934
1.9967
1.8793
1.9294
1.8558
1.8643
1.8312
1.8672
1.8865
2.0023
1.8825
2.0724
1.9145
1.8944
1.8933
1.8866
1.8942
1.8357
1.9943
1.8919
2.4077
1.8461
1.8
1.8448
1.8107
1.8188
1.8197
2.0749
1.9477
1.8304
1.813
1.8455
1.8313
1.8161
1.8296
1.85
2.1129
1.988
1.8608
1.8445
1.8918
1.9161
1.9182
1.9399
2.0936
1.9632
1.914
1.9626
1.9175
1.9007
1.9209
1.9205
2.0585
2.2487
1.8778
1.8816
1.8981
1.9236
1.9178
1.8638
1.8772
2.2152
1.8268
1.8357
1.8751
1.8923
1.9184
1.9344
1.915
2.0195
2.084
1.9218
1.9315
1.9293
1.9113
1.9387
1.9449
2.0322
2.0453
2.0076
2.1034
2.0197
2.0012
2.0058
2.0024
2.6037
2.0979
1.8962
1.9527
1.9365
1.9676
1.9594
1.9708
2.1833
1.9981
2.1873
2.0269
1.9766
1.965
1.9234
1.8857
1.9735
1.9089
2.062
1.8933
1.8688
1.8742
1.8798
1.9274
2.0166
2.003
2.0636
2.1972
2.0652
2.0467
2.0431
2.0329
2.5748
2.0381
2.0659
2.1006
1.9994
2.0201
2.0343
2.1299
2.0597
2.0899
2.0229
2.2045
2.0251
2.1101
1.9856
2.0641
1.9836
1.9883
1.9834
2.0972
2.0258
2.0339
2.0418
2.3584
2.0668
2.0438
2.0688
2.1511
2.014
1.9941
2.2972
2.2042
1.9765
1.9327
1.9583
2.0653
1.9595
1.9825
2.1178
1.9442
1.9483
1.941
1.9741
2.0849
1.9384
1.9548
2.0193
1.9181
1.8807
1.8723
1.8829
1.8597
1.9555
1.8265
1.7925
1.8884
1.8504
1.8675
1.8474
1.838
1.8241
1.9857
1.8715
2.439
1.8593
1.9386
1.841
1.8658
1.8654
2.0109
1.8401
1.9415
1.8433
1.8487
1.8381
1.8018
1.8377
1.8606
1.8873
1.8086
1.9728
1.8401
1.8001
1.833
1.8361
1.8181
1.7913
1.9587
1.7629
1.9492
1.8159
1.8094
1.7982
1.8044
1.7335
1.7739
1.8518
2.127
2.0172
1.7568
1.7484
1.7379
1.7516
1.7556
1.7617
1.714
1.9093
1.736
1.7517
1.723
1.7091
1.736
1.7461
1.7517
1.7524
1.9228
1.7728
1.7811
1.7704
1.7521
1.7848
1.8643
1.7704
1.7304
1.9999
1.7654
1.7519
1.7637
1.7467
1.7409
1.7586
1.7633
1.7417
2.3545
1.816
1.7872
1.7871
1.7522
1.74
1.7368
1.7089
1.736
1.8105
1.8198
1.6938
1.7238
1.7267
1.7422
1.7063
1.7321
1.7213
1.7537
1.8497
1.7791
1.7298
1.7352
1.7072
1.7289
1.7358
1.7268
1.9529
1.758
1.9309
1.7424
1.7257
1.6989
1.7266
1.7377
1.7234
2.2849
1.7109
1.7608
1.6828
1.6963
1.682
1.7179
1.7084
1.7
1.733
1.7705
1.6821
1.8477
1.7048
1.7304
1.7331
1.7635
1.6994
1.8197
1.728
1.75
1.8357
1.7304
1.7367
1.7586
1.6869
1.681
1.7953
1.662
1.6838
1.684
1.8532
1.6524
1.6825
1.7128
1.7257
1.722
2.191
1.766
1.7391
1.8416
1.6773
1.7222
1.7047
1.6932
1.6485
1.6867
1.6155
1.5983
1.6488
1.7792
1.6527
1.6722
1.676
1.6275
1.7328
1.6743
1.6531
1.6803
1.6908
1.825
1.6865
1.7118
1.7135
1.6901
1.8194
1.7795
1.7875
1.7742
1.8448
1.9135
1.8079
1.7752
1.9899
2.106
1.764
1.7971
1.7421
1.7836
1.9613
1.7894
1.7909
1.8636
1.7749
1.8044
1.8228
1.8073
1.8595
2.0072
1.8088
1.8457
1.9085
1.8224
1.8234
1.7799
1.763
1.793
1.9936
1.8229
1.9444
1.7956
1.7989
1.7514
1.7943
1.7876
1.7879
1.8979
1.7829
2.4541
1.836
1.8234
1.7722
1.7857
1.7781
1.7669
1.9361
1.7113
1.8068
1.7822
1.7534
1.7187
1.7412
1.739
1.7415
1.8239
1.8391
1.8044
1.7344
1.7336
1.7021
1.7438
1.7037
1.7018
1.6809
1.8259
1.7432
1.6455
1.6837
1.7076
1.6787
1.6766
1.6878
1.6848
1.7303
2.2798
1.6828
1.6828
1.6777
1.6479
1.6865
1.7047
1.6564
1.6909
2.0351
1.6854
1.6484
1.6832
1.6762
1.6918
1.664
1.6877
1.6843
1.6406
2.193
1.6505
1.6734
1.655
1.686
1.6831
1.6529
1.7008
1.692
1.8232
1.6309
1.6554
1.6615
1.65
1.6664
1.6987
1.6688
1.7188
1.95
2.1159
1.6855
1.8062
1.6712
1.7087
1.7082
1.6619
1.6871
1.7616
1.6952
1.799
1.6566
1.6664
1.6165
1.66
1.6737
1.6295
1.6713
1.7862
1.7153
1.7402
1.6631
1.655
1.6335
1.6352
1.6076
1.6305
1.6971
1.5744
1.6071
1.7252
1.5498
1.6012
1.556
1.5976
1.5939
1.5825
1.9515
1.854
1.6198
1.8005
1.6402
1.6158
1.5941
1.6024
1.6105
1.5856
1.82
1.6337
1.6116
1.7966
1.6352
1.6202
1.6448
1.661
1.6272
1.7591
1.6558
1.6122
1.6573
1.7785
1.6134
1.6591
1.7019
1.5885
1.6237
1.9855
1.7054
1.6048
1.6379
1.7603
1.5907
1.6076
1.588
1.6021
1.7485
2.0126
1.6101
1.6425
1.6973
1.7108
1.6675
1.6536
1.6305
1.6706
1.7058
1.6453
1.65
1.6535
1.6708
1.6718
1.6377
1.6217
1.6553
1.7228
1.6412
1.6699
1.6661
1.6333
1.6801
1.7612
1.6856
1.6413
1.6797
1.6904
1.6406
1.6551
1.6821
1.6483
1.7338
1.7977
1.7122
1.7138
2.2342
1.7823
1.7508
1.7539
1.7395
1.7319
1.8456
1.7725
1.7788
1.8982
1.8402
1.7994
1.7711
1.7742
1.7593
1.7802
1.7632
1.7182
1.9675
1.7259
1.7121
1.7496
1.7428
1.7105
1.8249
1.7325
1.7202
1.7888
1.7027
1.7277
1.7408
1.7372
1.7586
1.752
1.8958
1.8621
2.2033
1.7431
1.7317
1.7901
1.7972
1.7978
1.8019
1.8584
1.8498
1.7796
1.7686
1.7394
1.7032
1.7401
1.7788
1.7685
1.9105
1.9139
1.7757
1.801
1.7771
1.7892
1.744
1.7527
1.7771
1.7588
2.0733
1.7465
1.6998
1.7545
1.7605
1.7524
1.8086
1.7027
1.7087
2.2408
1.6082
1.5961
1.604
1.6054
1.5984
1.5879
1.5982
1.6092
1.6094
1.8325
1.592
1.5882
1.596
1.5865
1.579
1.5874
1.6002
1.6108
1.6889
1.7126
1.6022
1.6342
1.6267
1.6447
1.6501
1.6292
1.631
1.6456
1.7183
1.7725
1.6437
1.6347
1.6416
1.6411
1.6374
1.6252
1.6391
1.6174
2.2874
1.8269
1.8014
1.6404
1.6305
1.6335
1.6405
1.6445
1.6449
1.7265
1.6595
1.7854
1.6602
1.6597
1.6644
1.655
1.6526
1.6593
1.9169
1.7646
1.6642
1.7726
1.6614
1.6623
1.6461
1.6363
1.6233
1.7076
1.5898
1.5666
1.5792
1.7086
1.5797
1.5903
1.5875
1.6024
1.607
2.1731
1.6206
1.6153
1.6239
1.771
1.6123
1.6215
1.6044
1.6015
1.7129
1.6543
1.5966
1.5936
1.5837
1.7212
1.5909
1.5837
1.5906
1.6335
1.6652
1.5927
1.5999
1.6074
1.6028
1.7411
1.6109
1.603
1.6097
1.6036
1.808
1.61
1.6067
1.6043
1.6052
1.7196
1.6449
1.6023
1.5958
1.6001
2.1545
1.5908
1.5826
1.5806
1.5739
1.7654
1.6038
1.578
1.5898
1.8226
1.5939
1.5892
1.5983
1.6158
1.628
1.636
1.7844
1.6492
1.662
1.7711
1.6704
1.652
1.6419
1.6446
1.6517
1.6909
1.7975
1.6655
1.8361
1.6741
1.6578
1.6543
1.6461
1.6752
1.6874
1.8351
1.6968
1.6795
2.2634
1.688
1.69
1.6939
1.7123
1.6867
1.6822
1.7432
1.6408
1.7256
1.6527
1.66
1.6351
1.6273
1.6426
1.6452
1.6664
1.7854
1.8056
1.8697
1.6517
1.6569
1.6597
1.6575
1.665
1.6698
1.7022
1.8676
1.8146
1.6652
1.6411
1.6489
1.6143
1.5938
1.5885
1.5866
1.625
1.9213
1.9418
1.6378
1.6584
1.6633
1.6575
1.6583
1.6653
1.6867
1.7464
1.76
1.6556
1.6345
1.6202
1.6018
1.5768
1.5835
1.5873
1.594
1.7097
1.6666
1.5914
1.5999
1.611
1.6032
1.6178
1.6355
1.6427
1.6597
1.7554
1.8443
1.6908
1.7063
1.7064
1.6867
1.6871
1.7007
1.6963
1.8942
2.2604
1.6975
1.7114
1.712
1.6943
1.6827
1.6575
1.6663
1.7706
1.6763
1.7959
1.6936
1.7985
1.6915
1.7163
1.672
1.6615
1.6768
1.8215
1.816
1.6593
1.6592
1.6618
1.6509
1.646
1.6478
1.6365
1.9885
1.6495
1.7612
1.6442
1.6451
1.6593
1.6536
1.6559
1.6551
1.6306
2.1726
1.6184
1.7797
1.611
1.5912
1.5926
1.5754
1.5857
1.5801
1.9719
1.5714
1.5681
1.7277
1.5841
1.5915
1.6146
1.6161
1.6371
1.6338
1.7264
1.6126
1.6406
1.7605
1.6475
1.6357
1.6197
1.6167
1.6242
1.7308
1.6112
1.6366
1.6377
1.7842
1.6626
1.6522
1.6552
1.7869
1.6553
2.234
1.6986
1.6938
1.7027
1.8063
1.6864
1.6858
1.6802
1.6976
1.8647
1.6915
1.6907
1.6972
1.7825
1.729
1.6983
1.7043
1.702
1.8104
1.7244
1.7232
1.7362
1.7456
1.8504
1.7255
1.7102
1.7012
1.777
1.7163
1.6795
1.6726
1.6617
1.666
1.8445
1.7002
1.689
1.6984
2.2632
1.7026
1.7196
1.7319
1.741
1.8502
1.7384
1.7266
1.837
1.8613
1.7378
1.7458
1.7346
1.7342
1.8183
1.8095
1.7481
1.8742
1.7677
1.8666
1.7798
1.7747
1.7771
1.7508
1.8864
1.7441
1.8545
1.7564
1.756
1.7652
1.7763
1.7755
1.7789
1.8967
1.7559
2.3743
1.954
1.8109
1.7551
1.7405
1.7397
1.7308
1.9068
1.7269
2.081
1.7167
1.7673
1.7507
1.7334
1.7521
1.774
1.9073
1.7844
1.8796
1.7852
1.7868
1.7564
1.7651
1.7843
1.807
1.9189
1.9447
1.8338
1.8517
1.8651
1.8512
1.836
1.8455
1.8885
2.0034
2.4431
1.8555
1.8761
1.8885
1.8542
1.941
1.8421
1.8462
2.0728
1.8437
1.8195
1.8115
1.8066
1.8531
1.8594
1.8595
1.9442
1.9974
1.844
1.8528
1.8434
1.8476
1.8415
1.8624
1.8901
2.0481
2.0452
1.8911
1.8697
1.8172
1.8234
1.839
1.845
2.4731
1.9917
1.8295
1.8432
1.8502
1.8427
1.8619
1.8642
1.9538
1.8731
1.9968
1.8584
1.8875
1.9143
1.9056
1.9364
1.8693
2.3449
1.9018
1.9509
1.8737
1.8857
1.9033
1.8795
1.8669
2.9945
2.1864
2.7486
2.0648
1.9728
1.8677
1.7992
2.3262
1.7971
1.7902
1.945
1.7646
1.7693
1.7707
1.8002
1.9071
1.8075
1.827
1.8364
1.9817
1.8249
1.8283
1.8177
1.7879
1.8871
1.7943
1.8105
1.7881
1.9314
1.7988
1.8223
1.8244
1.8129
1.9216
1.8056
1.8096
1.8202
1.9359
1.831
1.8484
1.8599
2.1401
2.1815
1.9079
1.9385
2.0155
2.0175
1.9541
1.9512
2.0142
1.974
1.9953
1.9819
2.0515
2.0553
1.9567
1.9831
2.1299
2.0519
2.0547
2.0073
2.0061
2.0894
1.997
1.986
2.1414
1.9257
1.8797
1.8703
1.8992
1.9533
1.9513
1.8575
2.1418
2.0665
1.8093
1.8614
1.8597
1.8737
1.9923
1.9314
1.9717
2.1465
1.9658
1.9623
1.9669
1.9807
1.9731
2.0506
1.9968
2.0051
1.9748
1.9803
1.9739
1.9794
1.993
2.1309
2.1367
2.0275
1.9573
1.9276
1.8981
1.8844
1.8849
2.0954
2.0985
2.4755
1.9101
1.9139
1.8826
1.868
1.8536
1.8377
1.9836
1.901
1.8002
1.8002
1.8004
1.7625
1.7576
1.7725
1.766
1.9597
1.7756
1.7773
1.7878
1.7902
1.8045
1.8123
1.7954
1.7714
2.1127
1.7979
1.7338
1.7192
1.7181
1.7143
1.704
1.708
1.7403
2.0958
1.9934
1.7696
1.7469
1.7471
1.7633
1.7673
1.7704
1.751
1.8599
1.8756
1.7686
1.7646
1.7541
1.763
1.7664
1.7649
1.7454
1.8328
1.8655
1.709
1.7899
1.6966
1.6804
1.6998
1.6948
1.6948
1.8014
1.7343
1.7925
1.6989
1.7002
1.7027
1.7102
1.7055
1.7086
1.9084
2.0937
1.8627
1.6794
1.6742
1.6782
1.7013
1.6841
1.6652
1.8697
1.6891
1.6821
1.8198
1.6789
1.6784
1.6872
1.6815
1.6835
1.6789
1.863
1.6544
1.7901
1.6536
1.6551
1.6502
1.6577
1.6627
1.6543
1.748
1.6615
1.6659
1.8223
1.6745
1.668
1.6703
1.6766
1.6724
1.6823
2.2218
1.6751
1.6799
1.8016
1.6695
1.6559
1.6774
1.7796
1.6813
1.7662
1.6849
1.6847
1.7205
1.8082
1.7143
1.7165
1.7225
1.7191
1.8015
1.7312
1.7343
1.7255
1.8351
1.724
1.7263
1.7318
1.7278
1.8092
1.7302
1.7276
1.7077
1.6964
1.8212
1.7147
1.7143
1.7111
2.2486
1.7843
1.7272
1.7483
1.7193
1.8693
1.7232
1.7237
1.7249
2.1796
1.7188
1.7198
1.7438
1.7388
1.8728
1.7592
1.7578
1.8678
1.7559
1.7593
1.7721
1.7814
1.7751
1.8068
1.9048
1.7709
1.8237
1.7202
1.8261
1.7317
1.7264
1.7283
1.7274
1.8408
1.7409
2.2682
1.7588
1.7538
1.7337
1.7307
1.727
1.707
1.822
1.7138
1.8325
1.6914
1.7196
1.7172
1.7155
1.6951
1.6901
1.6791
1.8428
1.764
1.7032
1.6794
1.6702
1.6659
1.6616
1.6678
1.6688
1.6727
1.8129
2.0677
1.6724
1.6696
1.6618
1.6544
1.6542
1.6452
1.6444
1.7904
2.1719
1.641
1.6335
1.6334
1.6777
1.6344
1.6364
1.6327
1.6302
2.0392
1.6416
1.6329
1.6392
1.6363
1.6369
1.639
1.8338
1.6363
1.6451
1.9072
1.6356
1.6354
1.638
1.637
1.63
1.6348
1.6322
1.637
1.7132
1.7404
1.6343
1.6367
1.6319
1.6344
1.6398
1.6338
1.6445
1.6356
2.223
1.7822
1.6337
1.6568
1.635
1.6319
1.6384
1.6467
1.6334
1.7327
1.637
1.7814
1.6382
1.6376
1.6352
1.6375
1.6449
1.628
1.6357
1.7376
1.6323
1.8001
1.6358
1.6343
1.6375
1.644
1.6294
1.6281
1.6844
1.7147
1.6373
1.7991
1.6351
1.6255
1.6399
1.6333
1.6351
1.6271
1.6972
1.7362
1.6366
1.7379
1.6409
1.6389
1.6303
1.6317
1.6303
1.6197
2.2483
1.6229
1.7104
1.7287
1.621
1.6224
1.6211
1.6276
1.6221
1.7126
1.622
1.6164
1.6149
1.7569
1.6201
1.6215
1.6227
1.6293
1.6148
1.7311
1.6235
1.6196
1.6272
1.7713
1.6205
1.6184
1.6218
1.6208
1.7285
1.6145
1.6221
1.6226
1.6196
1.7264
1.6239
1.6173
1.6212
1.6186
2.2561
1.6194
1.63
1.6483
1.6152
1.7835
1.6218
1.6199
1.6283
1.7276
1.7379
1.6233
1.619
1.6162
1.7231
1.7308
1.6205
1.6186
1.6197
1.8516
1.62
1.6194
1.6201
1.6188
1.6193
1.7222
1.6275
1.6235
1.6214
1.9482
1.6521
1.6115
1.6236
1.6206
1.6222
1.7328
1.6232
1.6271
2.097
1.8782
1.6204
1.6461
1.6184
1.6173
1.7243
1.6724
1.6257
1.7006
1.6527
1.6183
1.6248
1.6162
1.6141
1.6176
1.6182
1.7338
1.6188
1.7477
1.6235
1.62
1.624
1.6198
1.6213
1.6243
1.6283
1.7379
1.6297
1.7023
1.6204
1.6202
1.6142
1.6216
1.6185
1.6133
1.6217
1.7859
1.7223
2.1561
1.6203
1.6186
1.6208
1.6189
1.6259
1.6188
1.6199
1.7576
1.7223
1.6249
1.6139
1.6145
1.6207
1.6274
1.6152
1.6221
1.6188
1.7375
1.6895
1.6227
1.6203
1.6199
1.6156
1.6272
1.6217
1.6202
1.6233
1.9354
1.8465
1.6192
1.6221
1.6217
1.6253
1.6218
1.6212
1.618
1.6241
2.1901
1.6205
1.6436
1.6216
1.6238
1.6221
1.6223
1.6213
1.6202
1.7802
1.7711
1.6223
1.6217
1.6235
1.6185
1.6217
1.6194
1.6246
1.6201
1.8224
1.7445
1.6233
1.7448
1.6238
1.6185
1.6235
1.62
1.6214
1.6188
1.6837
1.7276
1.6223
1.622
1.6168
1.6171
1.6172
1.6219
1.6228
1.8549
1.9971
1.7612
1.6196
1.6163
1.6183
1.6197
1.6176
1.6184
1.6258
1.7111
1.6168
1.7471
1.623
1.6152
1.6235
1.6219
1.6183
1.6227
1.6192
1.7444
1.6204
1.7847
1.6199
1.6225
1.6252
1.62
1.6665
1.6202
1.7446
1.6236
1.6179
1.7353
1.6143
1.6178
1.6227
1.6235
1.6212
1.6292
2.1695
1.6197
1.6213
1.7279
1.6206
1.6201
1.6204
1.7234
1.6269
1.8374
1.6214
1.6126
1.6218
1.7242
1.6148
1.6218
1.6234
1.6287
1.6148
1.6923
1.6204
1.6171
1.6154
1.7854
1.6228
1.6229
1.625
1.6202
1.6204
1.7144
1.6219
1.6152
1.6206
1.729
1.6143
1.6265
1.622
1.6171
1.9476
1.952
1.6191
1.6453
1.6215
1.7271
1.6238
1.6183
1.6231
1.6174
1.7142
1.6207
1.621
1.6225
1.6186
1.7368
1.625
1.6158
1.621
1.7098
1.6169
1.6182
1.6237
1.6187
1.6307
1.7851
1.6206
1.6221
1.6198
1.8676
1.6187
1.7141
1.6168
1.6266
1.6204
1.7668
1.6244
1.6254
1.6183
2.1701
1.6159
1.6228
1.6241
1.6227
1.623
1.8469
1.7559
1.6228
1.7777
1.6201
1.6162
1.6267
1.6212
1.6207
1.6211
1.7832
1.6187
1.6214
1.7201
1.6224
1.6244
1.6206
1.6206
1.6141
1.6221
1.7316
1.6188
2.034
1.6303
1.6265
1.6139
1.625
1.6227
1.6229
1.6201
1.7541
1.6214
2.1892
1.6262
1.6233
1.6214
1.6256
1.619
1.6242
1.6204
1.7258
1.9317
1.627
1.6218
1.6177
1.6218
1.618
1.7124
1.6115
1.623
1.7443
1.8071
1.6306
1.612
1.6199
1.6342
1.6316
1.6236
1.6181
1.6237
1.9268
1.6274
1.6148
1.6257
1.6202
1.6106
1.6221
1.6184
1.6113
1.6284
2.2654
1.6342
1.6168
1.619
1.6181
1.6179
1.6212
1.6178
1.6255
1.624
1.8503
1.6304
1.6246
1.6205
1.619
1.6201
1.6246
1.6278
1.6177
1.71
1.7302
1.6181
1.6188
1.626
1.6165
1.6215
1.6281
1.6157
1.6249
1.7161
1.7702
1.6136
1.62
1.6188
1.6162
1.6148
1.6268
1.622
1.6207
2.2471
1.7502
1.6194
1.6172
1.6192
1.63
1.6169
1.6211
1.6258
1.7102
1.6137
1.7729
1.6197
1.6223
1.6291
1.6116
1.6193
1.6187
1.6138
1.7735
1.6247
1.7421
1.6222
1.6289
1.6171
1.6204
1.6174
1.6221
1.8499
1.8227
1.6215
1.711
1.6229
1.6186
1.6179
1.6214
1.6169
1.6239
2.184
1.6238
1.6161
1.735
1.6209
1.618
1.6218
1.6222
1.6125
1.7125
1.6191
1.6186
1.6205
1.7711
1.6342
1.6212
1.6127
1.6241
1.6207
1.8016
1.6234
1.6348
1.6197
1.8851
1.6246
1.6173
1.62
1.6183
1.6203
1.7087
1.6299
1.6157
1.6244
1.6823
1.7072
1.6233
1.6204
1.6217
1.9604
1.8454
1.6175
1.6143
1.6222
1.7565
1.6208
1.6213
1.6187
1.614
1.8794
1.6214
1.6218
1.6175
1.6228
1.7409
1.622
1.6181
1.6232
1.8073
1.6236
1.6628
1.6223
1.6156
1.6217
1.7395
1.626
1.6206
1.6321
1.6995
1.6201
1.6211
1.6174
1.6218
1.6237
1.6187
1.7552
1.628
1.6182
2.2768
1.6155
1.6554
1.6172
1.6203
1.6203
1.7414
1.7299
1.6174
1.8423
1.62
1.6232
1.6235
1.6118
1.6165
1.6149
1.7645
1.624
1.6183
1.7892
1.6191
1.6167
1.6151
1.6186
1.6152
1.625
1.6617
1.7255
1.7807
1.6666
1.6163
1.6308
1.6224
1.6149
1.6266
1.6221
1.7492
1.6748
2.2317
1.6248
1.6159
1.623
1.6162
1.6129
1.6254
1.6195
1.78
1.715
1.6216
1.6206
1.621
1.6192
1.6178
1.6267
1.6168
1.6102
1.6836
1.8152
1.621
1.6169
1.6287
1.6183
1.6213
1.6209
1.6183
1.6199
1.6167
1.7889
1.623
1.7397
1.6251
1.6293
1.6168
1.6246
1.625
1.6154
1.7026
1.72
1.621
1.6181
1.6267
1.6222
1.6182
1.6183
1.6205
1.6244
1.7277
1.7429
1.6234
1.6338
1.6227
1.6208
1.6118
1.6194
1.6179
1.6252
1.7219
1.7328
1.6221
1.6213
1.6198
1.6248
1.6223
1.6218
1.6216
1.7403
2.0866
1.7629
1.6178
1.6234
1.6175
1.6214
1.6189
1.621
1.6249
1.7247
1.623
1.7366
1.6249
1.6195
1.6214
1.6207
1.6154
1.6231
1.62
1.7219
1.6246
1.772
1.6175
1.6219
1.6136
1.7266
1.6122
1.6634
1.9551
1.6712
1.6231
1.7467
1.6233
1.6209
1.6208
1.6223
1.6162
1.6224
2.1852
1.6185
1.6237
1.7742
1.6181
1.62
1.6184
1.6206
1.6264
2.0196
1.6187
1.6227
1.6168
1.7298
1.6218
1.6199
1.6213
1.6272
1.6206
1.8145
1.6161
1.6211
1.6202
1.7491
1.6196
1.6196
1.6295
1.6189
1.7145
1.6182
1.6207
1.6189
1.6254
1.7531
1.6242
1.6268
1.6199
1.6186
2.1119
1.6195
1.6102
1.6274
1.6202
1.7727
1.6295
1.6193
1.6172
1.7157
1.8095
1.62
1.6234
1.7525
1.6141
1.7234
1.6228
1.6164
1.6215
1.7134
1.6099
1.6214
1.619
1.6272
1.6284
1.7705
1.621
1.6243
2.0362
1.6145
1.6234
1.6183
1.6233
1.6268
1.6163
1.7144
1.6226
1.6206
2.2398
1.6148
1.6436
1.6263
1.6149
1.6151
1.6182
1.7142
1.8769
2.5433
1.9126
1.8592
1.7148
1.7063
1.6261
1.6239
1.7464
1.7069
1.6169
1.6179
1.6172
1.6259
1.625
1.6156
1.6214
1.6191
1.7883
1.7116
1.6147
1.6163
1.6293
1.6169
1.6189
1.7394
1.6167
1.6213
1.9995
1.6192
1.6193
1.6223
1.6231
1.6229
1.6205
1.6249
1.6223
1.6203
2.1131
1.6198
1.6216
1.6431
1.6198
1.6178
1.621
1.621
1.6203
1.6208
1.7984
1.6281
1.6209
1.6203
1.6123
1.6113
1.6509
1.6222
1.6153
1.728
1.7764
1.6207
1.6241
1.6184
1.6209
1.6226
1.624
1.6196
1.6235
1.8706
1.7901
1.6183
1.6147
1.6217
1.624
1.6237
1.6186
1.6191
1.6254
2.1927
1.7522
1.6174
1.623
1.6196
1.6243
1.6256
1.6137
1.6255
1.8265
1.6195
1.7721
1.6156
1.617
1.6252
1.6241
1.6286
1.6296
1.6195
1.6903
1.6216
1.7306
1.6203
1.6199
1.6151
1.6231
1.6293
1.6122
1.7409
1.6199
1.6198
1.7984
1.6203
1.6153
1.6254
1.6254
1.6215
1.6253
2.1707
1.6211
1.6139
1.7696
1.6196
1.6161
1.6259
1.63
1.6229
1.7196
1.6177
1.6148
1.622
1.7713
1.6189
1.6282
1.6168
1.6181
1.6227
1.7665
1.6181
1.6209
1.6163
1.7718
1.6316
1.6156
1.6227
1.6221
1.6216
1.7165
1.6176
1.6209
1.6217
1.8557
1.7618
1.6488
1.6277
1.6201
2.0116
1.7358
1.6215
1.6155
1.6268
1.7342
1.6178
1.6217
1.6199
1.6192
1.6924
1.6207
1.614
1.6261
1.6199
1.7281
1.6382
1.6122
1.6119
1.7225
1.617
1.6229
1.6271
1.6205
1.6202
1.6169
1.7704
1.6272
1.6234
1.7158
1.6242
1.6146
1.6222
1.6246
1.6169
1.6244
1.7484
1.6204
1.6203
2.1833
1.6284
1.6202
1.6211
1.6249
1.62
1.6393
1.7445
1.6176
1.7913
1.6319
1.6208
1.6223
1.6615
1.6198
1.6242
1.6196
1.7634
1.7241
1.7126
1.6188
1.6205
1.6234
1.616
1.6229
1.6209
1.61
1.77
1.7222
1.9368
1.6124
1.6244
1.6207
1.6198
1.6192
1.6203
1.6228
1.761
2.2912
1.6655
1.6487
1.6229
1.6229
1.6199
1.6219
1.6178
1.7724
1.7117
1.6208
1.6176
1.6227
1.6146
1.6219
1.6171
1.6207
1.6252
1.6797
1.7721
1.6227
1.6202
1.6209
1.6135
1.6216
1.6174
1.6295
1.6214
1.6182
1.7913
1.6134
1.6257
1.6211
1.6172
1.6238
1.6204
1.621
1.6297
1.6218
2.1205
1.6212
1.7258
1.623
1.6212
1.6247
1.6268
1.6261
1.6245
1.8386
1.7964
1.6144
1.6209
1.6154
1.6165
1.6273
1.6111
1.6187
1.6211
2.0247
1.7264
1.6232
1.6196
1.6238
1.625
1.6191
1.6206
1.6287
1.6901
1.624
1.7557
1.623
1.6205
1.6235
1.6209
1.6207
1.6214
1.6233
2.0974
1.6235
1.7294
1.6126
1.6297
1.6175
1.6203
1.6257
1.6174
1.7509
1.6174
1.6202
1.7617
1.6219
1.6161
1.6229
1.6221
1.6267
1.6309
1.6996
1.6198
1.624
1.7714
1.6228
1.6228
1.6509
1.6988
1.6194
1.6199
1.8494
1.6207
1.6265
1.7899
1.6197
1.619
1.6174
1.6196
1.6218
2.0942
1.8355
1.628
1.6508
1.7302
1.6252
1.6258
1.6222
1.625
1.6228
1.768
1.6285
1.6226
1.625
1.7825
1.6204
1.6181
1.6204
1.6229
1.7349
1.6275
1.6162
1.6255
1.6234
1.7719
1.6241
1.6261
1.6193
1.6208
1.708
1.6177
1.6214
1.6224
1.6247
1.7291
1.6253
1.6178
1.6202
1.6312
2.2021
1.6189
1.6225
1.6195
1.6181
1.7713
1.6545
1.6159
1.6293
1.8132
1.7246
1.6192
1.6225
1.6201
1.6226
1.728
1.6193
1.6296
1.6168
1.8496
1.6229
1.6214
1.6163
1.6233
1.6138
1.7724
1.6266
1.6181
1.7224
1.6192
1.6198
1.6252
1.6215
1.6203
1.624
1.7597
1.6146
1.617
2.1753
1.6243
1.6216
1.6233
1.6204
1.6176
1.629
1.7562
1.6171
1.7158
1.6214
1.6158
1.6234
1.6229
1.6156
1.6283
1.6195
1.7832
1.6192
1.7129
1.6171
1.6191
1.6191
1.6248
1.6251
1.6163
1.6239
1.7848
1.621
2.0002
1.6198
1.6239
1.6152
1.6287
1.717
1.6166
1.6223
1.732
2.1805
1.6217
1.6189
1.6276
1.6167
1.6208
1.6179
1.6162
1.6252
1.7814
1.752
1.6247
1.6246
1.6215
1.623
1.6146
1.6201
1.6151
1.6171
1.8436
1.6226
1.6206
1.6251
1.6164
1.6112
1.6215
1.6149
1.6153
1.6255
1.7483
1.6209
1.6289
1.6168
1.6237
1.6223
1.6223
1.6237
1.6201
1.6222
1.796
1.63
1.6135
1.622
1.6185
1.6237
1.6211
1.6451
1.6118
1.6936
1.7987
1.6235
1.6189
1.6195
1.6242
1.6195
1.6189
1.6155
1.6172
1.8936
1.7821
1.6225
1.6169
1.6235
1.6237
1.614
1.6199
1.6224
1.6206
1.88
1.7052
1.6326
1.6192
1.6228
1.6164
1.6192
1.6222
1.6232
1.8546
2.0827
1.7881
1.6178
1.6159
1.6185
1.6161
1.6254
1.6272
1.6195
1.7031
1.617
1.7295
1.6213
1.622
1.6186
1.6205
1.6206
1.6258
1.7767
1.6251
1.618
1.6796
1.6647
1.6205
1.6229
1.6153
1.6293
1.6217
1.7191
1.6239
1.6219
1.6216
1.786
1.6232
1.6212
1.6291
1.623
1.6243
1.6859
1.6187
1.6158
1.6194
1.8306
1.6213
1.6271
1.622
1.6237
1.7559
1.9185
1.6139
1.62
1.6182
1.7371
1.6235
1.6183
1.6157
1.6225
2.1739
1.6138
1.6116
1.6136
1.6548
1.6889
1.6224
1.6207
1.622
1.7216
1.6213
1.6212
1.6224
1.6203
1.6314
1.7703
1.6171
1.6208
1.622
1.7252
1.628
1.6204
1.6196
1.6282
1.6139
1.7541
1.6224
1.6188
1.619
1.7109
1.6162
1.6221
1.6222
1.6144
1.6203
1.7121
1.6112
1.6171
1.6161
2.163
1.62
1.6231
1.6195
1.6126
1.6168
1.7735
1.7204
1.6236
1.7279
1.622
1.6235
1.6186
1.6154
1.6176
1.6171
1.7711
1.6226
1.6212
1.8397
1.6176
1.6171
1.6201
1.6631
1.6205
1.6216
1.7276
1.6135
1.7802
1.6248
1.6183
1.6155
1.6205
1.6155
1.6153
1.6181
1.7384
1.6179
2.1632
1.623
1.615
1.6173
1.6176
1.6164
1.6164
1.6172
1.7227
1.708
1.6227
1.6224
1.623
1.6216
1.6218
1.623
1.6216
1.6204
1.7903
1.7221
1.626
1.6231
1.6205
1.6222
1.6216
1.6224
1.6229
1.6271
1.7427
1.6985
1.627
1.7073
1.6155
1.6141
1.6139
1.6142
1.6206
1.6148
1.9231
2.0025
1.6218
1.6231
1.6228
1.6214
1.6221
1.6288
1.621
1.6236
1.7962
1.6205
1.6201
1.6241
1.6213
1.6233
1.6217
1.6158
1.6221
1.6182
1.9493
1.6277
1.6136
1.6186
1.6197
1.6144
1.6217
1.6177
1.614
1.7013
1.7198
1.6335
1.6215
1.6187
1.6197
1.6255
1.6193
1.6222
1.6223
2.1819
1.7985
1.7315
1.6167
1.6229
1.6132
1.6179
1.6132
1.6158
1.7208
1.672
1.791
1.6221
1.6267
1.6183
1.7092
1.6337
1.6174
1.6122
1.7437
1.6149
1.735
1.6274
1.6143
1.6218
1.6184
1.6222
1.6223
1.6203
1.8403
1.6215
1.7033
1.641
1.6122
1.6179
1.6126
1.6162
1.6123
1.9468
1.8693
1.6372
1.7382
1.6181
1.6169
1.6167
1.6135
1.6116
1.6131
1.8769
1.6233
1.614
1.7536
1.6348
1.6184
1.6218
1.622
1.62
1.7164
1.6214
1.6696
1.615
1.6727
1.7243
1.6177
1.6108
1.6141
1.6158
1.7212
1.6276
1.6305
1.6149
1.6147
1.7448
1.6186
1.6201
1.621
1.6219
2.2392
1.6207
1.6194
1.6167
1.6833
1.6611
1.614
1.6156
1.6169
1.82
1.6228
1.625
1.6221
1.6198
1.6181
1.7601
1.6158
1.6161
1.6213
1.7327
1.6175
1.6224
1.6207
1.6142
1.6146
1.7374
1.6129
1.6191
1.6403
1.8253
1.6226
1.622
1.6198
1.6214
1.6191
1.7537
1.6222
1.6203
2.1151
1.6202
1.6198
1.6189
1.6219
1.6221
1.6173
1.7742
1.6209
1.6204
1.7078
1.6186
1.6215
1.6173
1.6133
1.6154
1.621
1.741
1.6196
1.9028
1.7619
1.6192
1.6109
1.6159
1.7198
1.6254
1.6207
1.7532
1.6139
1.7414
1.6184
1.6214
1.6219
1.62
1.6259
1.6221
1.6201
1.7594
1.8361
2.0043
1.6157
1.6224
1.6214
1.6154
1.6179
1.617
1.6157
1.7415
1.7107
1.6122
1.6152
1.6276
1.6163
1.6167
1.6165
1.6151
1.6124
1.7575
1.714
1.6192
1.6126
1.6223
1.6193
1.6156
1.6147
1.6158
1.6161
1.8522
1.6212
1.6147
1.6284
1.6146
1.618
1.6186
1.6166
1.6182
1.6155
2.2464
1.6192
1.6313
1.6214
1.6193
1.6232
1.6222
1.6205
1.6974
1.7689
1.7997
1.6276
1.6227
1.6193
1.6222
1.6216
1.6168
1.6501
1.6162
1.6977
1.735
1.6211
1.6275
1.6207
1.6203
1.6231
1.6224
1.62
1.6211
1.7328
1.7505
1.617
1.6181
1.6163
1.6198
1.6169
1.6146
1.6184
1.6169
2.3135
1.7509
1.6221
1.6222
1.6205
1.6243
1.622
1.6158
1.7819
1.6085
1.6125
