6.95268e-310
6.95268e-310
6.1592
6.1777
5.039
4.2995
4.8838
4.7392
3.7349
4.5403
5.5714
4.5426
4.0623
4.5068
5.703
4.4869
3.9567
5.2836
4.3881
4.0445
4.2893
5.1822
4.2489
4.324
4.9304
4.4826
3.8876
4.0667
4.4655
4.5632
3.8878
4.0948
4.8683
3.742
4.2718
4.3862
4.4889
4.2932
3.952
4.025
5.2069
3.9744
4.2404
4.6328
4.7594
4.0712
3.9348
4.3005
4.5936
4.995
4.7234
4.4784
4.3111
3.9942
4.5178
4.75
3.9338
3.9196
4.4762
4.55
4.0068
4.2063
4.2267
4.5513
4.1716
3.9834
3.8403
4.5303
3.797
4.5037
3.7422
4.9051
4.1779
4.5346
3.9788
4.8896
4.2786
4.0187
4.163
4.526
4.3872
3.9516
3.7259
4.3341
4.2833
4.2781
4.5011
4.525
4.4897
3.7168
4.6176
4.9387
3.8903
3.9878
4.1815
4.2852
3.7626
3.8052
4.4622
4.1155
3.7975
3.4189
4.5271
4.6106
3.4953
3.6443
3.5281
3.9537
3.5339
3.5941
4.2179
4.5712
3.8006
3.4548
3.9436
3.8103
4.0566
3.5955
3.5673
3.5727
4.2228
3.4107
3.9662
3.58
4.1441
3.3602
3.6388
3.2163
3.2187
4.0925
3.4722
3.0983
2.9113
3.9087
4.1768
3.0387
3.228
3.1808
3.5232
3.5516
3.3585
3.4573
3.0139
3.1505
3.8122
3.6698
3.3291
3.5212
3.8862
3.8633
3.5571
3.635
3.3026
4.9193
3.2575
3.1758
3.4306
3.5758
3.7595
3.3432
4.1613
3.2873
3.5383
3.4976
3.7488
3.5585
2.978
3.4383
3.2809
3.4078
3.3575
3.2955
3.7251
3.1141
3.1111
3.2814
3.2772
3.7737
3.6621
3.4999
3.4507
3.7844
3.9884
3.2795
3.6326
3.1559
3.6349
3.1558
3.0335
2.9962
3.0897
3.8861
3.4337
3.0028
2.9917
3.1436
3.6173
3.5019
3.1712
3.3266
3.0001
3.3087
3.6271
3.0082
2.7713
2.984
3.2596
3.4744
2.7898
2.9666
2.7656
3.0134
3.3061
2.8943
2.7763
2.569
3.2747
3.6395
3.3264
2.7903
2.7835
2.6899
2.8463
2.7913
3.4028
2.8346
2.7168
2.7823
2.9422
3.0435
2.7856
2.9045
2.9054
3.3796
2.6473
3.1366
2.7388
2.9512
2.7512
2.8587
2.751
3.143
2.8616
2.8644
3.4606
2.8894
3.7244
2.8531
2.6296
3.1253
2.8396
2.7526
3.1436
2.9028
2.9042
2.8586
2.8658
3.0299
3.1854
2.8313
2.8846
2.7613
2.9061
3.1424
2.8934
2.7717
2.7502
2.8638
3.2887
3.3452
2.5794
2.6701
2.7532
2.638
2.8141
2.9965
2.7047
2.6834
2.5108
2.6279
2.7612
3.2908
2.9886
2.4555
2.6038
2.7329
2.7129
3.2855
2.8821
2.7017
2.7716
2.7117
2.6656
3.2101
2.7043
2.5834
2.7877
2.8123
2.5967
3.7765
2.5113
2.6994
2.4612
2.5404
2.4935
3.2724
2.5671
2.6534
3.0227
2.7907
3.1626
3.3004
2.6283
2.7093
2.8647
2.8027
2.9777
2.9508
2.9796
3.1997
2.6429
2.631
3.1279
2.9347
2.7819
2.8608
2.7804
2.7694
3.2034
2.9618
2.8177
2.9005
2.6836
2.755
3.2986
3.0363
2.881
2.9916
2.8468
2.9473
2.7935
2.6396
2.7257
2.9438
3.2259
2.7605
2.8375
2.8505
2.7136
2.6665
2.8123
2.5867
2.9174
2.6456
2.9679
3.0209
2.5422
2.7293
2.8795
2.6792
2.7916
2.5053
2.7199
2.7579
2.5438
2.6462
2.999
2.8371
2.6843
3.2992
3.1129
3.1569
2.6013
2.7106
2.5973
2.8399
2.8369
2.9379
2.6173
2.6588
2.7269
2.6498
2.8485
2.7
2.541
2.5179
2.5251
2.7868
2.6061
2.9081
2.6093
2.5764
2.494
2.5112
2.6006
2.8495
2.5636
2.5205
2.6476
2.9776
2.5695
2.7905
2.7168
2.7764
2.8712
2.812
2.816
2.9252
2.8542
2.7346
2.8341
2.6867
2.6845
2.579
2.7245
2.9098
2.9164
2.7774
2.9122
2.9302
3.7177
3.5039
2.8055
2.9236
2.5048
2.5398
2.8898
2.8507
2.7099
2.9163
2.576
2.832
2.7415
2.8694
2.9069
2.967
2.9236
2.9509
2.8666
2.9333
2.9427
2.8704
2.9326
2.7903
2.8654
2.8228
2.8722
2.7608
2.6487
2.8423
2.747
3.0033
2.6978
2.9193
2.9127
2.8591
2.8805
2.8742
2.7601
2.87
2.8356
3.0192
2.8469
2.9206
2.747
2.8477
2.8999
2.6847
2.9094
2.7597
2.5822
2.8343
3.5653
2.6174
2.677
2.6581
2.53
2.8147
2.6859
2.9366
2.6898
2.7106
2.8013
2.8123
2.7074
2.9416
2.7005
2.8366
2.6817
2.8702
2.8086
2.9132
2.9056
2.9429
2.7411
2.7254
2.5776
2.6911
2.6842
2.6877
2.7791
2.6494
2.6661
2.9624
2.6628
2.8992
2.6235
2.7215
3.0463
2.6557
2.7621
2.7519
2.8439
2.9097
3.2219
2.7399
2.4844
2.658
2.5928
2.6482
2.6309
2.6454
2.9203
2.6283
2.7419
2.6879
2.9785
2.6109
2.6884
2.5467
2.6822
2.5283
2.6232
2.5601
2.5016
2.6982
2.5854
2.8128
2.5579
2.5183
2.5547
2.5451
2.5975
2.6901
2.4265
2.6063
2.5623
2.7659
2.6913
2.4102
2.703
2.8395
2.6845
2.538
2.7366
2.7627
2.6105
2.5998
2.847
2.8542
2.7384
2.6418
2.5709
2.4768
2.5458
2.7816
3.1362
3.0302
2.5669
2.7786
2.6553
2.7058
2.6429
2.6968
2.6594
2.669
2.6144
2.668
2.9429
2.4721
2.6375
2.5637
2.4659
2.6929
2.743
2.7613
2.4138
2.5823
2.6522
2.623
2.6458
2.7353
2.8717
2.7028
2.7846
2.5932
2.8598
2.518
2.5219
2.5907
2.6213
2.8023
2.6448
2.8903
2.7506
2.6421
2.6936
2.6374
2.8167
2.8907
2.5842
2.649
2.7751
2.7572
2.7099
2.687
2.8466
3.5806
2.9415
2.5777
2.5448
2.5499
2.7587
2.5821
2.7064
2.7814
2.5605
3.0476
2.5201
2.6369
2.7454
2.9493
2.4969
2.5543
2.9236
2.6414
2.8121
2.8377
2.5561
2.6877
2.6642
2.5471
2.692
2.6278
2.4869
2.9058
2.6412
2.6364
2.7338
2.7162
2.811
2.6982
2.5915
2.8366
2.5711
2.7615
2.8779
2.7397
2.9368
2.485
2.7404
2.7541
2.8269
2.4156
2.5549
2.4255
2.6638
2.7777
3.0841
2.6762
2.4876
2.5843
2.7836
2.6589
2.6799
2.7323
2.5635
2.6284
2.6684
2.7725
2.7499
2.5281
2.662
2.6151
2.5015
2.8861
2.5786
2.6313
2.6055
2.5895
2.7158
2.7521
2.5345
2.7201
2.5193
2.6661
2.5363
2.9003
2.7578
2.8262
2.6842
2.7941
2.8736
2.6978
2.7202
2.7607
2.6228
3.0705
2.825
2.9784
2.852
2.6073
2.7225
2.6671
2.607
2.5171
2.7143
2.7291
2.7899
3.5734
2.6214
2.604
2.6033
2.6434
2.8022
2.6769
2.6459
2.723
2.66
2.735
2.6713
2.6146
2.8135
2.6247
2.6122
2.4941
2.9587
2.7297
2.7089
2.7203
2.5575
2.7877
2.7421
2.6143
2.6895
2.6195
2.6188
2.5425
2.6641
2.7965
2.7451
2.6537
2.7042
2.749
2.6011
2.6948
2.9605
2.6956
2.7171
2.7784
2.6552
2.8574
2.7262
2.6715
2.7395
2.8485
2.631
2.6837
2.8976
2.871
3.1596
3.1877
2.6273
2.4968
2.8999
2.929
2.704
2.8595
2.5416
2.6857
2.7284
2.6956
2.6345
2.7438
2.7339
2.5792
2.5169
2.622
2.7082
2.7881
2.7274
2.3918
2.6093
2.4827
2.5572
2.5225
2.6225
2.5257
2.6754
2.5975
2.626
2.7399
2.5123
2.3273
2.4203
2.8448
2.7543
2.569
2.5439
2.5086
2.5212
2.4348
2.4669
2.4599
2.4314
2.8503
2.4658
2.6133
2.3986
2.5168
2.4894
2.9892
2.9933
2.3345
2.4245
2.4257
2.6878
2.5711
2.5459
2.6553
2.5918
2.4302
2.82
2.5044
2.6083
2.6121
2.3715
2.6399
2.4323
2.6881
2.3798
2.85
2.6354
2.5202
2.5446
2.7305
2.6597
2.7013
2.4414
2.6771
2.4312
2.4272
2.6455
2.6048
2.7146
2.8758
2.695
2.5966
2.5942
2.6283
2.5338
2.5099
2.4717
2.4885
2.6793
2.5852
2.3522
2.5458
2.6123
2.5117
2.573
2.5817
3.0556
2.8417
2.3702
2.6685
2.66
2.5381
2.5317
2.8849
2.5894
2.7936
2.6881
3.0955
2.5766
2.5514
2.395
2.6243
2.7059
2.9588
2.5884
2.7372
2.4298
2.4753
3.001
2.6166
2.6328
2.7262
2.5734
2.4865
2.4739
2.4939
2.598
2.4805
2.6522
2.5234
2.582
2.5495
2.6759
2.4332
2.4124
2.468
2.5723
2.5068
2.343
2.6587
2.5974
2.4828
2.4667
2.4495
2.7133
2.3935
2.5956
2.5361
2.4039
2.2827
2.5465
2.6225
2.4972
2.4167
2.5217
2.9049
2.6947
2.6495
2.4288
2.7324
2.4838
3.0048
2.5391
2.5183
2.4202
2.5489
2.3896
2.43
2.8123
2.7443
3.1355
2.7655
2.4123
2.4985
2.3304
2.3758
2.3841
2.5122
2.5995
2.5408
2.8159
2.4544
2.4692
2.6062
2.5631
2.594
2.5414
2.5655
2.6979
2.6686
2.7373
2.5777
2.6444
2.7987
2.3764
2.6052
2.3983
2.5352
2.6312
2.5191
2.4868
2.598
2.6389
2.7178
2.6572
2.4744
2.6019
2.6024
2.8391
2.4399
2.4069
2.3591
2.6165
2.5919
2.5618
2.6466
2.6932
2.5886
2.433
2.5609
2.8447
2.8702
2.9092
2.567
2.3372
2.3804
2.4895
2.5507
2.6349
2.5307
2.5166
2.4849
2.9209
2.4885
2.5777
2.478
2.4948
2.5582
2.5255
2.3747
2.41
2.6429
2.4232
2.6005
2.5317
2.738
2.4862
2.3329
2.5452
2.6236
2.4922
2.415
2.3632
2.608
2.5461
2.7263
2.5302
2.6593
2.559
2.5707
2.6649
2.7213
2.5396
2.7611
2.6573
2.8365
2.6771
2.5591
2.5872
2.5965
2.4771
2.6074
3.2136
3.0597
2.3569
2.5028
2.4793
2.4436
2.5413
2.3047
2.7905
2.4753
2.3607
2.5602
2.4905
2.4819
2.3722
2.7148
2.3904
2.4572
2.4561
2.7001
2.5057
2.3533
2.5119
2.4409
2.6835
2.4494
2.4304
2.4164
2.5422
2.4343
2.443
2.5615
2.5205
2.5467
2.5558
2.7584
2.3925
2.6996
2.8369
2.5336
2.543
2.8978
2.3658
2.6794
2.6114
2.813
2.4727
2.4738
2.5723
2.5853
2.6836
3.0545
2.7071
2.4161
2.4071
2.5858
2.6375
2.5231
2.6461
2.5991
2.6904
2.6984
2.57
2.7165
2.6287
2.6289
2.5354
2.6157
2.7315
2.4023
2.586
2.2928
2.2581
2.7601
2.4589
2.5827
2.4884
2.5867
2.543
2.7183
2.5335
2.4083
2.5769
2.2464
2.5301
2.5426
2.1332
2.6031
2.4736
2.3814
2.7856
2.2503
2.5648
2.3881
2.3853
2.5227
2.6273
2.5815
2.342
2.3031
2.5936
2.5337
2.7477
3.062
2.4323
2.3243
2.3654
2.5243
2.4663
2.7884
2.5754
2.4513
2.3582
2.5085
2.5353
2.5688
2.6023
2.3708
2.5497
2.5194
2.5758
2.6098
2.4468
2.5845
2.595
2.3983
2.5487
2.5332
2.3692
2.7351
2.8216
2.6469
2.6216
2.739
2.488
2.6014
2.793
2.6285
2.642
2.5289
2.5825
2.5089
2.5233
2.5896
2.4132
2.6318
2.4685
2.5876
2.5148
2.6179
2.24
2.7258
2.5308
2.8822
2.7998
2.3729
2.4017
2.2683
2.376
2.3372
2.4038
2.513
2.8487
2.5575
2.5108
2.6327
2.5403
2.4553
2.4645
2.8003
2.5095
2.4026
2.4445
2.6676
2.5692
2.5238
2.5366
2.4618
2.6211
2.3971
2.5204
2.5274
2.5655
2.4637
2.4818
2.6044
2.517
2.7398
2.5673
2.5922
2.5013
2.4377
2.5542
2.7911
2.4947
2.5656
2.5313
2.5956
2.7773
2.5838
2.6412
2.5504
2.6503
2.539
2.8919
2.503
2.3152
2.5553
2.5971
2.5306
2.391
2.6789
2.6985
2.3909
2.7109
2.5737
2.5907
2.4264
2.2357
2.3818
2.594
2.5593
2.5546
2.5086
2.4566
2.4869
2.5452
2.4151
2.5142
2.4366
2.4953
2.4091
2.5543
2.6175
2.323
2.5392
2.5362
2.2832
2.8051
2.347
2.7108
2.6525
2.5712
2.5301
2.5718
2.3881
2.5741
2.484
2.438
2.5605
2.3329
2.3914
2.4717
2.5473
2.3337
2.5471
2.3872
2.5788
2.4633
2.403
2.5426
2.341
2.4459
2.5648
2.3348
2.4412
2.5177
2.409
2.597
2.3213
2.3291
2.5802
2.5316
2.5072
2.6704
2.4822
2.552
2.4296
2.4257
2.5866
2.6152
2.3632
2.4702
2.4755
2.4822
2.6596
2.4457
2.5244
2.4856
2.7721
2.5107
2.3004
2.5211
2.4677
2.8389
2.7271
2.5198
2.4199
2.6272
2.3469
2.5947
2.3335
2.5853
2.5926
2.4004
2.6476
2.5217
2.599
2.2491
2.4314
2.4611
2.42
2.3845
2.5478
2.3519
2.606
2.51
2.5861
2.5271
2.621
2.5171
2.7697
2.7069
2.441
2.4803
2.3269
2.5772
2.59
2.2731
2.4636
2.4024
2.2884
2.5493
2.2857
2.5876
2.171
2.559
2.4233
2.7507
2.5211
2.9984
2.7432
2.3309
2.5575
2.3628
2.7047
2.6575
2.4286
2.7651
2.3137
2.4856
2.382
2.5132
2.4554
2.461
2.4253
2.2709
2.4049
2.6351
2.6304
2.4797
2.647
2.5367
2.4289
2.6155
2.5851
2.3745
2.5144
2.3863
2.3334
2.6108
2.6189
2.4733
2.4546
2.4062
2.5522
2.5696
2.4533
2.5506
2.4082
2.3516
2.3267
2.1782
2.6793
2.6378
2.6501
2.425
2.6038
2.357
2.4692
2.5723
2.8378
2.8311
2.2881
2.4307
2.3716
2.3702
2.1419
2.4952
2.3553
2.1996
2.5093
2.3889
2.4835
2.1686
2.3754
2.4301
2.2962
2.1846
2.3866
2.4989
2.2606
2.2736
2.4079
2.3691
2.6568
2.3254
2.3484
2.4867
2.3607
2.2672
2.5921
2.4077
2.4297
2.5908
2.383
2.4413
2.2949
2.3927
2.4985
2.2836
2.6154
2.7327
2.6203
2.3852
2.3053
2.5642
2.5009
2.5938
2.4201
2.5702
2.3956
2.6899
2.8199
2.3466
2.4255
2.4752
2.7784
2.4962
2.3846
2.5924
2.5208
2.3465
2.4816
2.566
2.3748
2.4532
2.531
2.5038
2.3386
2.3915
2.2812
2.5232
2.5209
2.3628
2.2981
2.6369
2.563
2.5403
2.446
2.5849
2.4551
2.4562
2.4064
2.4302
2.3339
2.5964
2.3028
2.4622
2.4732
2.3473
2.2605
2.6483
2.7492
2.4946
2.7546
2.42
2.5522
2.464
2.2559
2.4692
2.4634
2.2688
2.6796
2.3715
2.2542
2.0924
2.2289
2.3289
2.2058
2.1567
2.2708
2.334
2.6541
2.4332
2.356
2.6816
2.2597
2.6361
2.6234
2.6643
2.4896
2.4203
2.615
2.2467
2.5445
2.473
2.4966
2.1551
2.3588
2.8279
2.2719
2.3588
2.4664
2.4419
2.3857
2.3716
2.5598
2.6674
2.5759
2.6246
2.5316
2.4561
2.574
2.3462
2.5003
2.4948
2.7406
2.4941
2.6568
2.6571
2.4639
2.6201
2.2132
2.9257
2.5299
2.2694
2.2616
2.131
2.1597
2.3321
2.3833
2.473
2.2654
2.5851
2.4134
2.1937
2.5618
2.3022
2.2714
2.2998
2.3984
2.323
2.5258
2.5127
2.522
2.4404
2.3277
2.6603
2.4775
2.6367
2.3313
2.1943
2.4385
2.3638
2.6061
2.3994
2.2196
2.5512
2.4519
2.3013
2.5567
2.5148
2.5419
2.7124
2.643
2.1805
2.5342
2.4542
2.4969
2.4206
2.355
2.4444
2.5207
2.4057
2.8106
2.4825
2.3678
2.407
2.234
2.5792
2.4263
2.5277
2.5993
2.488
2.3821
2.4107
2.5826
2.3058
2.725
2.4662
2.8986
2.4575
2.4924
2.1913
2.4145
2.3076
2.5214
2.3322
2.3162
2.4537
2.7936
2.2961
2.6359
2.4004
2.5168
2.5642
2.4182
2.5279
2.6113
2.6243
2.5948
2.3078
2.2801
2.3392
2.7196
2.3779
2.399
2.4162
2.5933
2.4663
2.464
2.2023
2.5808
2.6621
2.2057
2.0698
2.1663
2.2645
2.4138
2.1834
2.2653
2.244
2.1506
2.5706
2.5627
2.4702
2.3247
2.6526
2.5889
2.4277
2.4553
2.3419
2.5876
2.5676
2.3435
2.6047
2.5489
2.4735
2.7472
2.1693
2.5404
2.6732
2.3261
2.3196
2.3272
2.6133
2.218
2.5193
2.5377
2.405
2.4076
2.6118
2.2885
2.4443
2.4795
2.6065
2.431
2.5092
2.525
2.3274
2.432
2.5317
2.4987
2.2694
2.7698
2.6155
2.5575
2.5498
2.5471
2.4699
2.5086
2.5057
2.3557
2.4312
2.4656
2.4282
2.7419
2.3826
2.372
2.2513
2.5157
2.5119
2.3279
2.3941
2.3316
2.8199
2.7127
2.3835
2.3842
2.3946
2.303
2.2181
2.7363
2.6667
2.6091
2.5579
2.4101
2.534
2.6246
2.3074
2.5813
2.2016
2.6084
2.3042
2.3118
2.6403
2.5219
2.4307
2.594
2.5394
2.4223
2.338
2.612
2.5389
2.1493
2.7571
2.6645
2.3112
2.3213
2.2747
2.5543
2.5936
2.4958
2.279
2.4445
2.5552
2.3119
2.4632
2.5594
2.4647
2.5667
2.1033
2.3766
2.5749
2.6275
2.3169
2.441
2.6365
2.5648
2.5182
2.2777
2.5915
2.3945
2.3934
2.4517
2.6425
2.3702
2.4488
2.4589
2.4659
2.5115
2.4393
2.4127
2.4855
2.5695
2.3809
2.3183
2.1979
2.3633
2.3582
2.1899
2.5724
2.4142
2.5561
2.5857
2.3634
2.6894
2.3352
2.3091
2.3459
2.4755
2.4602
2.4768
2.3012
2.1632
2.0932
2.1672
2.1585
2.1936
2.3699
2.2222
2.1405
2.1763
2.25
2.2476
2.208
2.5096
2.5957
2.64
2.2196
2.1364
2.6861
2.5168
2.5745
2.3317
2.5265
2.5053
2.4412
2.4577
2.4911
2.5195
2.6985
2.2676
2.5386
2.2526
2.5232
2.4453
2.2692
2.539
2.447
2.425
2.4289
2.5305
2.5732
2.4065
2.328
2.3434
2.6931
2.2793
2.3569
2.2441
2.2053
2.2397
2.3775
2.1158
2.3966
2.1723
2.3036
2.437
2.5565
2.6617
2.4084
2.4024
2.5067
2.4736
2.3954
2.4226
2.3192
2.3994
2.5393
2.5812
2.3589
2.3678
2.1889
2.455
2.2747
2.3496
2.4072
2.3748
2.4521
2.3875
2.448
2.6745
2.1728
2.3524
2.3346
2.5117
2.4644
2.489
2.522
2.4124
2.5827
2.5039
2.5053
2.223
2.4486
2.3762
2.2829
2.6114
2.7537
2.1485
2.133
2.2359
2.4569
2.3183
2.2066
2.2775
2.3004
2.6736
2.4345
2.2198
2.3831
2.2952
2.6319
2.582
2.5531
2.491
2.546
2.5662
2.3182
2.29
2.3824
2.2338
2.5189
2.4529
2.3486
2.5462
2.2384
2.4446
2.5194
2.306
2.6349
2.1732
2.5633
2.1995
2.5551
2.3785
2.4787
2.474
2.4065
2.4147
2.0582
2.3036
2.3205
2.5074
2.5063
2.3012
2.5959
2.1429
2.5625
2.432
2.2196
2.3558
2.205
2.3681
2.1838
2.3536
2.3058
2.6783
2.5708
2.3777
2.2386
2.4361
2.5508
2.4052
2.1932
2.3317
2.4177
2.7221
2.3852
2.1703
2.4753
2.4339
2.3708
2.3313
2.5535
2.3722
2.0777
2.3425
2.2182
2.4557
2.5172
2.5107
2.2261
2.5774
2.6013
2.514
2.6555
2.4033
2.4291
2.5716
2.4612
2.4372
2.1178
2.6361
2.4585
2.2647
2.5806
2.3311
2.1965
2.8826
2.5552
1.981
2.0731
2.3234
2.4475
2.1748
2.327
2.0815
2.3972
2.322
2.4712
2.3433
2.2273
2.6105
2.5803
2.6522
2.5071
2.5161
2.3558
2.5263
2.1396
2.3681
2.5426
2.4793
2.5352
2.1941
2.3232
2.6993
2.2811
2.3678
2.551
2.5329
2.6495
2.3775
2.2241
2.7406
2.5133
2.3903
2.3472
2.5084
2.5063
2.4202
2.5804
2.36
2.2028
2.3579
2.5635
2.5457
2.4866
2.1617
2.4166
2.5607
2.2225
2.45
2.2666
2.1336
2.2625
2.1078
2.5541
2.0978
2.3964
2.0822
2.1414
2.1094
2.1664
2.2045
2.2211
2.5653
2.1317
2.1248
2.248
2.1897
2.1549
2.0405
2.3847
2.5755
2.5046
2.321
2.342
2.581
2.1634
2.3149
2.4935
2.3347
2.4458
2.2828
2.3921
2.0561
2.3684
2.461
2.4301
2.6268
2.3568
2.5551
2.414
2.2703
2.6127
2.6257
2.5004
2.392
2.4357
2.6114
2.5092
2.568
2.3479
2.4095
2.3997
2.426
2.6021
2.5019
2.5169
2.3662
2.7015
2.2606
2.5615
2.4837
2.3522
2.5276
2.5103
2.5545
2.4839
2.1248
2.2306
2.4232
2.5899
2.5288
2.4809
2.6416
2.4724
2.3742
2.4888
2.4052
2.2723
2.3908
2.2612
2.4462
2.4105
2.3056
2.5425
2.1925
2.362
2.2379
2.5679
2.364
2.3408
2.6022
2.5869
2.3037
2.3026
2.3792
2.4622
2.4652
2.2252
2.1817
2.6674
2.4107
2.604
2.4533
2.3774
2.398
2.3922
2.5484
2.2714
2.6962
2.4556
2.4277
2.1895
2.0966
2.1805
2.2593
2.2638
2.2444
2.6005
2.3988
2.5056
2.3764
2.3641
2.5346
2.2954
2.4768
2.3898
2.4159
2.3174
2.595
2.2848
2.5507
2.3568
2.4244
2.4559
2.2916
2.508
2.3548
2.5613
2.3333
2.5161
2.5359
2.3665
2.139
2.5282
2.3795
2.429
2.5493
2.3341
2.3946
2.6489
2.3838
2.3916
2.3834
2.2792
2.5154
2.6107
2.3751
2.3457
2.1699
2.8977
2.54
2.2282
2.2886
2.4551
2.2856
2.126
2.0346
2.1713
2.3473
2.2364
2.1335
2.2039
2.0414
2.567
2.8064
2.4423
2.5435
2.5175
2.3617
2.3776
2.4925
2.3559
2.486
2.4447
2.4012
2.4462
2.568
2.4818
2.3944
2.1707
2.5804
2.5235
2.5735
2.4697
2.5555
2.3877
2.418
2.339
2.6129
2.336
2.3027
2.4028
2.581
2.3157
2.614
2.314
2.4345
2.4828
2.5307
2.1583
2.676
2.5894
2.0902
1.98
2.1375
2.3724
2.279
2.3762
2.2711
2.2144
2.1851
2.1266
2.4444
2.373
2.4526
2.2028
2.2178
2.2682
2.1618
2.0993
2.287
2.2412
2.2865
2.2893
2.3907
2.1838
2.2171
2.2606
2.2353
2.1765
2.0772
2.4804
2.371
2.3335
2.1109
2.3171
2.5617
2.4315
2.206
2.5263
2.6923
2.6775
2.6357
2.3096
2.4493
2.3954
2.2436
2.3284
2.3958
2.7327
2.0429
2.8354
2.7315
2.0568
2.1382
2.1263
2.2116
2.006
2.286
2.1571
2.432
2.2907
2.6319
2.207
2.327
2.5624
2.1296
2.1007
2.5924
2.5455
2.4325
2.4326
2.5432
2.4536
2.7505
2.62
2.6677
2.5361
2.6084
2.4886
2.5427
2.2632
2.2751
2.3154
2.4391
2.4364
2.4235
2.4757
2.6753
2.4607
2.3016
2.407
2.3853
2.3794
2.5284
2.4795
2.1808
2.4763
2.5109
2.6043
2.5766
2.1744
2.5571
2.6039
2.0345
2.1394
2.4734
2.0538
2.3507
2.6549
2.4522
2.6808
2.3901
2.5782
2.459
2.3292
2.3607
2.4662
2.3055
2.5137
2.4913
2.4167
2.5781
2.3246
2.3529
2.3104
2.389
2.3938
2.5383
2.3292
2.3951
2.4262
2.4746
2.2919
2.1774
2.3309
2.3972
2.2478
2.5032
2.4007
2.5688
2.4037
2.3559
2.3694
2.3046
2.4829
2.3904
2.3912
2.5001
2.4655
2.279
2.4832
2.1713
2.6843
2.4046
2.2465
2.2247
2.333
2.4991
2.3424
2.1538
2.1206
2.2837
2.4475
2.3334
2.1844
2.2835
2.3549
2.308
2.5525
2.6562
2.4217
2.3736
2.5286
2.4242
2.2075
2.502
2.5185
2.5149
2.5706
2.4254
2.5714
2.2555
2.5446
2.2503
2.5117
2.5247
2.5613
2.3951
2.484
2.5983
2.4995
2.303
2.4896
2.484
2.3216
2.6143
2.5189
2.4673
2.5745
2.4924
2.2672
2.4002
2.1284
2.621
2.4515
2.1774
2.2681
2.393
2.1619
2.2022
2.1758
2.3657
2.343
2.2886
2.4241
2.2453
2.1352
2.4151
2.5108
2.6021
2.2396
2.1542
2.026
2.2651
2.3934
2.2998
2.3387
2.4052
2.6105
2.596
2.5537
2.5095
2.2968
2.4558
2.5938
2.4903
2.5688
2.475
2.2547
2.6317
2.3787
2.4316
2.4708
2.4022
2.3639
2.4935
2.4601
2.4226
2.7131
2.4865
2.6178
2.3585
2.3578
2.3774
2.4217
2.5452
2.3096
2.2738
2.395
2.5266
2.3912
2.5726
2.379
2.4816
2.1407
2.4563
2.3897
2.4848
2.2355
2.1094
2.3517
2.4825
2.5411
2.0955
2.1873
2.1333
2.2223
2.3885
2.6535
2.3865
2.6155
2.3751
2.4158
2.4933
2.5338
2.3393
2.5961
2.248
2.2461
2.4254
2.6197
2.3198
2.3411
2.3121
2.5029
2.4206
2.404
2.4315
2.2774
2.4309
2.3437
2.4331
2.2599
2.3867
2.326
2.3788
2.56
2.3501
2.5573
2.4044
2.3124
2.3088
2.4601
2.4305
2.2084
2.4881
2.34
2.6378
2.3599
2.3582
2.3708
2.4127
2.4987
2.4779
2.3143
2.2156
2.1428
2.2654
2.3698
2.3205
2.3511
2.1681
2.313
2.1798
2.3903
2.4522
2.2829
2.2645
2.1344
2.3918
2.3784
2.5909
2.4597
2.5949
2.4555
2.4423
2.4641
2.5779
2.6809
2.346
2.4492
2.5257
2.5112
2.3159
2.5087
2.4069
2.2174
2.267
2.2918
2.3444
2.5667
2.4215
2.3619
2.41
2.348
2.3152
2.4392
2.5556
2.5877
2.4171
2.3869
2.3872
2.2425
2.5748
2.5008
2.1068
2.1452
2.3923
2.178
2.081
2.0003
2.279
2.3379
2.3053
2.1877
2.313
2.2613
2.3196
2.2211
2.2337
2.3496
2.2737
2.3475
2.1266
2.1296
2.1745
2.2181
2.2476
2.3084
2.3169
2.1032
2.3783
2.3901
2.3758
2.4533
2.5696
2.6513
2.5054
2.5205
2.5232
2.3038
2.5785
2.55
2.2482
2.4488
2.4602
2.2872
2.3569
2.3984
2.5127
2.1353
2.4767
2.3162
2.1365
2.3612
2.5604
2.2812
2.2067
2.4741
2.5763
2.497
2.5674
2.3553
2.5349
2.4015
2.502
2.5184
2.4659
2.4732
2.4364
2.3007
2.4693
2.2801
2.3222
2.4471
2.3838
2.2974
2.4894
2.3422
2.3381
2.3742
2.3083
2.4913
2.2915
2.4786
2.3277
2.2133
2.4192
2.3187
2.4568
2.5072
2.6477
2.4398
2.2623
2.2586
2.3292
2.4484
2.5064
2.5759
2.4768
2.4876
2.7347
2.3796
2.3916
2.1814
2.5984
2.6568
2.4145
2.1833
2.303
1.9858
2.2861
2.2451
2.1876
2.0265
2.2153
2.3805
2.3184
2.3614
2.1975
2.2206
2.3539
2.4091
2.4809
2.3252
2.3025
2.5399
2.1208
2.427
2.4069
2.516
2.3538
2.4064
2.3958
2.3771
2.4098
2.408
2.6263
2.335
2.3032
2.3973
2.4316
2.505
2.423
2.4706
2.5655
2.3164
2.3837
2.4376
2.107
2.3998
2.3873
2.2928
2.4719
2.5214
2.0056
2.7256
2.5028
2.3421
2.1861
2.2346
2.3814
2.1917
2.1719
2.399
2.2747
2.1349
2.1346
2.1985
2.4527
2.6336
2.5803
2.3763
2.3788
2.6868
2.6112
2.1474
2.4942
2.425
2.5321
2.3214
2.3485
2.3084
2.1302
2.457
2.3741
2.5553
2.3532
2.6767
2.3961
2.3849
2.3202
2.609
2.4726
2.3476
2.3129
2.4569
2.3235
2.4424
2.3611
2.4966
2.53
2.5509
2.3597
2.3864
2.5639
2.2898
2.3281
2.5153
2.119
2.1186
2.1918
1.9518
2.1194
2.3279
2.0485
2.201
2.4595
2.4413
2.2653
2.5492
2.3806
2.3318
2.4198
2.3921
2.161
2.5657
2.3404
2.6024
2.4709
2.6395
2.645
2.1911
2.546
2.3839
2.4859
2.3162
2.4554
2.4887
2.2462
2.3843
2.4624
2.3944
2.4461
2.3922
2.6101
2.5491
2.5091
2.3815
2.5489
2.2815
2.2815
2.4256
2.2486
2.4426
2.4648
2.2426
2.1757
2.6514
2.4658
2.2572
2.1015
2.2157
2.252
2.4001
2.4711
2.3443
2.5935
2.5413
2.6044
2.4626
2.538
2.4767
2.1586
2.7764
2.2219
2.4692
2.2349
2.4118
2.3595
2.5846
2.5239
2.4777
2.6201
2.4738
2.4742
2.5313
2.4261
2.5083
2.3913
2.4986
2.3223
2.3243
2.4049
2.5011
2.4879
2.4497
2.3756
2.4582
2.6
2.4416
2.3826
2.4269
2.1752
2.3853
2.3442
2.3514
2.3392
2.3292
2.3549
2.4803
2.3283
2.6287
2.5526
2.5734
2.4264
2.56
2.2933
2.5478
2.4118
2.3872
2.504
2.3668
2.5334
2.1207
2.3193
2.5345
2.1432
2.2722
2.1869
2.1323
2.1915
2.2147
2.4984
2.2466
2.1414
2.2053
2.246
2.3313
2.2794
2.536
2.4026
2.4534
2.2627
2.3642
2.7769
2.5116
2.5411
2.3316
2.5036
2.3255
2.5466
2.3404
2.5231
2.3651
2.5093
2.3082
2.2792
2.5186
2.2885
2.4693
2.3892
2.4261
2.4305
2.2839
2.3452
2.328
2.3324
2.4458
2.4337
2.5406
2.6096
2.4988
2.5691
2.3109
2.1117
2.6041
2.4701
1.9559
2.3117
2.0928
2.0402
2.0907
2.2787
2.3713
2.3449
2.6572
2.6748
2.5486
2.3632
2.4373
2.3376
2.3401
2.4273
2.5103
2.4189
2.5299
2.4292
2.4853
2.6001
2.4322
2.4131
2.4498
2.4237
2.4587
2.3256
2.3818
2.4523
2.1962
2.3996
2.4882
2.2804
2.3476
2.525
2.3907
2.3187
2.1772
2.5068
2.4361
2.5083
2.3083
2.6111
2.4265
2.2861
2.5338
2.3432
2.1443
2.4476
2.3819
2.3299
2.2443
2.3446
2.2619
2.2753
2.1837
2.3179
2.3157
2.1592
2.2411
2.1535
2.1828
2.1724
2.5573
2.5067
2.4569
2.4971
2.3941
2.4717
2.5544
2.3837
2.5321
2.3063
2.2447
2.4747
2.2956
2.5589
2.5644
2.4373
2.4632
2.4021
2.5604
2.5524
2.2816
2.416
2.5129
2.5107
2.5041
2.4979
2.2444
2.5701
2.5532
2.3948
2.4248
2.5168
2.4964
2.3497
2.2652
2.1524
2.638
2.406
2.1051
2.3322
2.1372
1.9671
2.0792
2.0958
2.6007
2.4577
2.7676
2.5576
2.4523
2.6359
2.4317
2.4772
2.5647
2.3919
2.4207
2.3403
2.2745
2.395
2.3674
2.3107
2.425
2.2775
2.4207
2.3334
2.2539
2.4174
2.2585
2.3594
2.466
2.5918
2.3583
2.523
2.4032
2.3455
2.3678
2.3356
2.5182
2.3579
2.4063
2.7653
2.4381
2.6197
2.6402
2.6104
2.4203
2.5129
2.1669
2.5264
2.7998
2.1971
2.3491
2.1278
2.4976
2.3126
2.6946
2.5548
2.2453
2.1977
2.6929
2.5114
2.6594
2.5307
2.4516
2.394
2.5977
2.5599
2.5656
2.4623
2.4362
2.3515
2.5609
2.3935
2.3982
2.6097
2.58
2.6088
2.4675
2.3896
2.5444
2.5367
2.3865
2.355
2.2493
2.3669
2.3736
2.5677
2.593
2.377
2.5418
2.4484
2.5285
2.6307
2.7446
2.5125
2.4595
2.5213
2.4266
2.2177
2.7859
2.5392
2.2084
2.0085
2.3738
2.2777
2.4686
2.4731
2.4813
2.523
2.3905
2.2217
2.2292
2.4413
2.561
2.287
2.5034
2.1385
2.6068
2.4487
2.2941
2.4772
2.6426
2.6796
2.3779
2.5142
2.2694
2.4608
2.2769
2.3686
2.5302
2.1699
2.1273
2.3312
2.2159
2.7352
2.3521
2.5897
2.1377
2.4966
2.324
2.433
2.5075
2.3492
2.4884
2.3862
2.2436
2.5217
2.4304
2.2322
2.2019
2.6264
2.3687
2.2185
1.9632
2.2021
2.3476
2.2214
2.1929
2.1264
2.2981
2.2574
2.3018
2.4408
2.4728
2.4467
2.4914
2.5955
2.3423
2.459
2.5478
2.4418
2.4556
2.3967
2.59
2.4275
2.2536
2.3816
2.4358
2.5537
2.4225
2.1941
2.3077
2.2994
2.3191
2.243
2.4156
2.4381
2.1859
2.1578
2.1041
2.1475
2.2614
2.1477
2.4982
2.0812
2.1822
2.2843
2.3155
2.6861
2.4468
2.2784
2.6695
2.4569
2.1229
2.1264
2.1853
2.0929
2.1415
2.1575
2.2252
2.247
2.3789
2.1457
2.2812
2.1196
2.6216
2.3046
2.2022
2.2063
2.3814
2.3862
2.2663
2.288
2.2307
2.3308
2.2691
2.5205
2.5607
2.2931
2.3543
2.3183
2.3857
2.5134
2.591
2.7693
2.5064
2.533
2.6291
2.583
2.5247
2.3788
2.4684
2.3604
2.4272
2.3232
2.648
2.4026
2.1629
2.5785
2.4641
2.3085
2.3561
2.4381
2.3059
2.4064
2.4363
2.44
2.5411
2.4509
2.3948
2.2819
2.2705
2.5176
2.4364
2.5696
2.2061
2.6616
2.3925
2.0327
2.0657
2.3481
2.4535
2.5207
2.4425
2.6838
2.3455
2.5558
2.4421
2.6226
2.5439
2.6012
2.3645
2.3148
2.597
2.4436
2.3602
2.3211
2.4922
2.3072
2.3777
2.3796
2.519
2.2409
2.4705
2.3912
2.4203
2.563
2.2796
2.6024
2.2736
2.6238
2.5421
2.2922
2.4066
2.5415
2.4134
2.5801
2.5111
2.3481
2.3515
2.2553
2.7313
2.6263
2.2793
2.2869
2.4017
2.2463
2.4733
2.3953
2.2045
2.2756
2.1442
2.4044
2.369
2.4931
2.5866
2.5946
2.4535
2.6564
2.703
2.3553
2.5713
2.3081
2.6178
2.4968
2.3885
2.4932
2.2926
2.746
2.6743
2.4912
2.4267
2.5446
2.5118
2.3377
2.5364
2.2442
2.2939
2.4897
2.3581
2.2497
2.7418
2.6908
2.2405
2.377
2.4438
2.6525
2.3316
2.4522
2.2548
2.1521
2.1483
2.4647
2.2388
2.1425
2.3105
2.1435
2.62
2.4963
2.4669
2.0283
2.1695
2.3789
2.3128
2.2681
2.5618
2.3274
2.4986
2.4378
2.4787
2.3555
2.4598
2.4351
2.2683
2.2458
2.5496
2.4981
2.7026
2.4368
2.6243
2.329
2.4019
2.6784
2.6367
2.4284
2.4672
2.2737
2.3637
2.5955
2.4741
2.587
2.6105
2.4167
2.761
2.5302
2.4659
2.4497
2.3493
2.2974
2.4614
2.2543
2.604
2.5276
2.41
2.3576
2.5139
2.2745
2.6287
2.4109
2.5841
2.327
2.2486
2.3034
2.2192
2.2229
2.3318
2.4576
2.4303
2.4078
2.4291
2.4156
2.4305
2.5462
2.3967
2.6272
2.371
2.7593
2.4818
2.186
2.4578
2.5049
2.5558
2.4661
2.2352
2.6373
2.5821
2.536
2.3558
2.4963
2.5703
2.2536
2.3972
2.4488
2.4679
2.4588
2.5194
2.4573
2.4806
2.3876
2.6194
2.6481
2.4709
2.8494
2.6544
2.2674
2.4468
2.4299
2.4589
2.7337
2.366
2.6568
2.418
2.6091
2.493
2.3872
2.4565
2.4716
2.4552
2.4724
2.591
2.4595
2.5942
2.3468
2.276
2.5939
2.5628
2.2857
2.5069
2.4673
2.4239
2.4336
2.6627
2.5718
2.4725
2.6592
2.7111
2.364
2.2824
2.5313
2.5811
2.3494
2.3821
2.607
2.4704
2.3314
2.468
2.6088
2.2519
2.39
2.4707
2.5078
2.5297
2.3295
2.3568
2.5063
2.4163
2.3404
2.8407
2.2295
2.4845
2.4403
2.6266
2.4714
2.4837
2.5023
2.2431
2.519
2.3997
2.5857
2.3987
2.4231
2.3324
2.3874
2.3461
2.3395
2.5033
2.498
2.4245
2.2923
2.2788
2.4099
2.5027
2.6975
2.6448
2.2574
2.3242
2.4429
2.5522
2.404
2.5437
2.4127
2.3895
2.3733
2.4168
2.6976
2.4787
2.1562
2.4278
2.4393
2.5851
2.3181
2.4135
2.6184
2.3611
2.4088
2.4536
2.4969
2.4353
2.4499
2.3393
2.5876
2.5239
2.7052
2.8288
2.3522
2.2884
2.2417
2.4163
2.5984
2.3605
2.5115
2.5728
2.6702
2.5962
2.7293
2.5536
2.4669
2.4317
2.4107
2.5417
2.3997
2.5236
2.2586
2.6293
2.3365
2.3153
2.5032
2.4466
2.5418
2.3796
2.5141
2.3154
2.3553
2.4165
2.4645
2.7576
2.5138
2.3447
2.4362
2.7091
2.5446
2.4583
2.43
2.422
2.5051
2.4233
2.4517
2.5738
2.3429
2.3122
2.3914
2.5816
2.5725
2.7682
2.9069
2.2298
2.5225
2.42
2.5996
2.4151
2.4124
2.4061
2.5375
2.3965
2.3147
2.6648
2.6022
2.5574
2.3878
2.3244
2.7893
2.4094
2.6195
2.406
2.4282
2.4252
2.5334
2.4308
2.4793
2.5577
2.6018
2.2914
2.4331
2.4211
2.4288
2.3332
2.2552
2.5083
2.4125
2.5043
2.4372
2.6702
2.5131
2.6763
2.2539
2.4587
2.2062
2.5391
2.609
2.5774
2.2717
2.4057
2.7234
2.5799
2.6368
2.5646
2.4119
2.3815
2.704
2.5884
2.2903
2.7798
2.4553
2.1665
2.5472
2.418
2.5818
2.5041
2.4352
2.3818
2.5346
2.4832
2.4357
2.573
2.369
2.6062
2.4293
2.4038
2.6128
2.6285
2.3984
2.5353
2.2872
2.4381
2.4564
2.572
2.6884
2.4689
2.3172
2.6258
2.467
2.5153
2.4488
2.4404
2.4226
2.7087
2.4759
2.436
2.596
2.5541
2.6109
2.4777
2.6171
2.5785
2.5259
2.3456
2.3751
2.4389
2.8012
2.406
2.6059
2.3469
2.714
3.0925
2.6383
2.4733
2.5405
2.3853
2.7218
2.4222
2.4668
2.3826
2.5367
2.5748
2.4163
2.4932
2.6685
2.4065
2.5997
2.7211
2.5881
2.3496
2.7045
2.7325
2.6204
2.5695
2.4365
2.4815
2.5761
2.4741
2.5538
2.3338
2.4765
2.4815
2.6083
2.3778
2.4296
2.3561
2.3847
2.6089
2.3424
2.2606
2.3974
2.3592
2.4004
2.394
2.4118
2.7391
2.4295
2.4378
2.4921
2.5962
2.3426
2.8556
2.7352
2.1873
2.4141
2.1685
2.357
2.4251
2.5545
2.2707
2.3275
2.5715
2.4879
2.382
2.4753
2.4477
2.3897
2.64
2.4577
2.4343
2.441
2.4724
2.6675
2.5186
2.7848
2.7418
2.5455
2.3622
2.4582
2.4387
2.7147
2.6796
2.579
2.6795
2.4677
2.5217
2.5499
2.4808
2.4835
2.5659
2.439
2.514
2.6859
2.5127
2.3884
2.5404
2.308
2.3708
2.5843
2.4234
2.5973
2.3263
2.9601
2.6713
2.41
2.2551
2.557
2.3772
2.5575
2.3273
2.4908
2.4635
2.7751
2.4593
2.5271
2.4323
2.7022
2.4789
2.6874
2.5862
2.6549
2.3676
2.4553
2.7592
2.6786
2.5569
2.3885
2.5849
2.256
2.5637
2.4923
2.3798
2.6439
2.5354
2.351
2.6349
2.372
2.6297
2.5217
2.3992
2.7037
2.4374
2.4144
2.38
2.5413
2.3223
2.5258
2.4354
2.5969
2.4163
2.5645
2.5423
2.4892
2.8736
2.4974
2.3424
2.4806
2.4528
2.3881
2.6376
2.5891
2.5303
2.4994
2.6624
2.5878
2.4006
2.6094
2.555
2.4896
2.4386
2.4472
2.5218
2.3688
2.8066
2.4354
2.6089
2.517
2.6469
2.5137
2.5423
2.3572
2.6952
2.8009
2.5052
2.5779
2.4593
2.5459
2.4916
2.4125
2.2612
2.5965
2.4056
2.6174
2.4923
2.3963
2.4762
2.2975
2.4107
2.5708
2.3273
2.2586
2.7878
2.6039
2.5014
2.9583
2.8795
2.2868
2.4709
2.2414
2.4502
2.367
2.2851
2.2201
2.5507
2.3319
2.5869
2.6045
2.4178
2.4829
2.4847
2.5809
2.4776
2.3251
2.4964
2.4101
2.376
2.525
2.4966
2.3421
2.4187
2.419
2.2993
2.5515
2.277
2.2627
2.336
2.3149
2.5305
2.5552
2.6212
2.5309
2.6754
2.3878
2.5026
2.5167
2.4725
2.657
2.6246
2.3131
2.4401
2.5306
2.269
2.3845
2.3304
2.3521
2.6291
2.41
2.4106
2.5844
2.648
2.3904
2.5389
2.4773
2.3465
2.5422
2.4067
2.1625
2.7306
2.5701
2.2567
2.5069
2.6767
2.5947
2.522
2.6515
2.2542
2.4898
2.4534
2.6138
2.4048
2.3319
2.3319
2.6808
2.4174
2.6862
2.7422
2.5257
2.2854
2.6213
2.3372
2.5535
2.408
2.5032
2.3137
2.7103
2.4964
2.2809
2.6216
2.442
2.5773
2.5819
2.4373
2.6306
2.5238
2.9407
2.6328
2.4659
2.4236
2.4324
2.7628
2.3833
2.433
2.436
2.4506
2.5493
2.5603
2.5019
2.4012
2.4658
2.5804
2.463
2.3473
2.5075
2.71
2.7016
2.6412
2.4783
2.3825
2.4064
2.7021
2.5076
2.4954
2.7588
2.341
2.2767
2.3889
2.3447
2.3651
2.468
2.5151
2.3031
2.3762
2.4446
2.3104
2.4585
2.3982
2.3452
2.6098
2.8349
2.5812
2.2558
2.35
2.5941
2.3068
2.2349
2.3373
2.5297
2.4638
2.1583
2.246
2.1641
2.1546
2.3336
2.5546
2.724
2.5257
2.3918
2.6172
2.3217
2.4662
2.1814
2.5922
2.6573
2.5712
2.5105
2.3513
2.4715
2.2395
2.5221
2.4744
2.4978
2.3564
2.4266
2.5505
2.7604
2.5158
2.6747
2.7186
2.286
2.6801
2.1949
2.519
2.4402
2.4658
2.3882
2.3988
2.3117
2.6236
2.3114
2.1938
2.3699
2.2575
2.2786
2.4363
2.447
2.4677
2.2375
2.5351
2.4291
2.1523
2.0397
2.2019
2.1887
2.3409
2.1163
2.3677
2.574
2.6548
2.25
2.397
2.5316
2.5314
2.4409
2.4193
2.1506
2.521
2.3716
2.5565
2.5452
2.4425
2.4961
2.713
2.6176
2.5157
2.2581
2.4161
2.1356
2.4939
2.6048
2.6847
2.5417
2.5264
2.7341
2.4433
2.5153
2.3597
2.2603
2.4066
2.0791
2.142
2.2567
2.1455
2.4501
2.5058
2.1813
2.6824
2.3358
2.2
2.6418
2.7041
2.2043
2.5653
2.4924
2.3044
2.4054
2.594
2.4249
2.5474
2.4402
2.6457
2.3961
2.2654
2.5796
2.4847
2.4741
2.2844
2.4238
2.478
2.3251
2.518
2.392
2.5629
2.4784
2.3804
2.3756
2.3764
2.4074
2.3949
2.3562
2.3112
2.3221
2.4758
2.2233
2.1981
2.1692
2.3121
2.5172
2.5339
2.2594
2.3642
2.622
2.4971
2.4838
2.4852
2.3131
2.409
2.1635
2.2197
2.2278
2.421
2.7761
2.5432
2.4197
2.2457
2.4943
2.3876
2.4356
2.3143
2.3823
2.6813
2.1608
2.7
2.5161
2.2351
2.2
2.5686
2.4703
2.4424
2.2017
2.4311
2.4912
2.4325
2.5439
2.4869
2.4776
2.5882
2.5606
2.22
2.5589
2.4816
2.5051
2.4982
2.3679
2.3522
2.4201
2.4916
2.2526
2.3917
2.4934
2.263
2.4334
2.195
2.6729
2.4921
2.5201
2.4492
2.4704
2.3837
2.1625
2.2355
2.6171
2.6327
2.1727
2.1679
2.419
2.2357
2.3741
2.4093
2.3723
2.1689
2.7489
2.2052
2.592
2.2238
2.5259
2.4882
2.4429
2.4409
2.4247
2.3967
2.4988
2.3256
2.5673
2.5615
2.596
2.5651
2.4903
2.4927
2.3432
2.4919
2.2731
2.2795
2.3987
2.2139
2.3799
2.5646
2.7126
2.5982
2.3366
2.5734
2.3985
2.7622
2.507
2.5105
2.6651
2.3919
2.4727
2.3755
2.6963
2.2802
2.3505
2.7187
2.4656
2.1908
2.2085
2.4274
2.2261
2.2611
2.4303
2.3718
2.4098
2.4394
2.5926
2.6168
2.398
2.4044
2.4257
2.6294
2.8613
2.5127
2.3779
2.5453
2.2413
2.5027
2.6381
2.7154
2.3177
2.332
2.5954
2.5296
2.5289
2.442
2.5125
2.2628
2.5216
2.4333
2.3249
2.2627
2.3
2.4116
2.3085
2.5382
2.6017
2.6756
2.4576
2.4662
2.5859
2.5042
2.6126
2.5879
2.3038
2.3602
2.6745
2.4751
2.4419
2.5161
2.4724
2.4249
2.2803
2.5324
2.4697
2.7874
2.4013
2.6769
2.3463
2.6069
2.3926
2.5283
2.5267
2.6916
2.2883
2.4234
2.3861
2.7485
2.389
2.3739
2.4913
2.334
2.5334
2.4251
2.3142
2.6026
2.5409
2.4492
2.4164
2.5421
2.6815
2.3228
2.5635
2.4855
2.4963
2.4997
2.5556
2.5794
2.5144
2.4136
2.2719
2.3541
2.5464
2.4862
2.441
2.7125
2.5523
2.6845
2.4577
2.2976
2.3506
2.5122
2.6162
2.8412
2.4939
2.3602
2.4486
2.5425
2.3169
2.5164
2.1877
2.4129
2.3987
2.4976
2.4193
2.3599
2.5276
2.6559
2.3454
2.3786
2.4949
2.2581
2.6193
2.4916
2.6251
2.5718
2.4193
2.5961
2.4985
2.4484
2.336
2.4092
2.2375
2.4424
2.6887
2.3313
2.3813
2.4386
2.4846
2.3641
2.6854
2.6611
2.4748
2.2601
2.4034
2.121
2.3043
2.4182
2.351
2.219
2.4395
2.5255
2.492
2.649
2.3175
2.8552
2.6209
2.1551
2.3866
2.3536
2.1443
2.4258
2.6142
2.6488
2.587
2.5016
2.5619
2.157
2.5932
2.3629
2.5319
2.6677
2.5317
2.3677
2.592
2.4576
2.502
2.4076
2.5674
2.3643
2.4646
2.5513
2.3049
2.137
2.4782
2.4673
2.3177
2.6635
2.58
2.3921
2.3371
2.1878
2.4661
2.2487
2.4912
2.7587
2.2541
2.2219
2.6594
2.6038
2.2304
2.6172
2.426
2.4607
2.4385
2.2673
2.6288
2.8407
2.0831
2.2115
2.5221
2.434
2.3995
2.6871
2.4053
2.1003
2.6322
2.5274
2.454
2.5928
2.6085
2.2192
2.4186
2.5212
2.1934
2.3326
2.3122
2.5809
2.6829
2.4926
2.4004
2.3406
2.3372
2.3687
2.5853
2.4097
2.4656
2.0696
2.4384
2.3946
2.4553
2.2938
2.536
2.3946
2.5552
2.3347
2.3834
2.4263
2.5756
2.4573
2.556
2.4105
2.2952
2.5748
2.3366
2.4842
2.2623
2.7251
2.7735
2.2795
2.3498
2.2365
2.2437
2.3882
2.1884
2.5838
2.4543
2.6171
2.2435
2.5
2.5476
2.658
2.5328
2.6179
2.3447
2.5137
2.4302
2.3406
2.3421
2.2798
2.6801
2.347
2.2954
2.3445
2.3685
2.5931
2.7131
2.3792
2.4258
2.2823
2.2398
2.2992
2.3582
2.5187
2.6691
2.6065
2.5916
2.5979
2.3861
2.6591
2.1649
2.3713
2.6466
2.4058
2.4519
2.3816
2.344
2.3259
2.432
2.282
2.3897
2.3576
2.2747
2.4937
2.6954
2.5073
2.1716
2.451
2.3583
2.2397
2.1818
2.157
2.1068
2.6725
2.6604
2.5462
2.3354
2.4562
2.5751
2.5114
2.2872
2.3606
2.5488
2.4999
2.4818
2.4868
2.4582
2.2638
2.4135
2.4803
2.2422
2.3522
2.4143
2.5646
2.3805
2.2166
2.5182
2.3763
2.3756
2.4164
2.2476
2.1115
2.5818
2.3694
2.1061
2.5982
2.5359
2.1838
2.3971
2.5924
2.7895
2.4408
2.4326
2.6698
2.4817
2.3786
2.4276
2.2827
2.2012
2.6033
2.7665
2.5818
2.5809
2.6884
2.301
2.5233
2.4589
2.3302
2.3149
2.5202
2.3999
2.261
2.3717
2.6764
2.4773
2.4274
2.4636
2.5661
2.3015
2.6476
2.6139
2.4332
2.5177
2.6316
2.7497
2.5001
2.1676
2.4597
2.659
2.3024
2.6432
2.3776
2.5801
2.4671
2.1596
2.5922
2.6378
2.6406
2.5392
2.3338
2.6692
2.7179
2.3488
2.4518
2.2442
2.2484
2.3056
2.2111
2.6772
2.3256
2.5143
2.5919
2.2119
2.0811
2.4426
2.1181
2.4078
2.4295
2.5243
2.8935
2.5169
2.474
2.4986
2.4799
2.1319
2.4528
2.5189
2.327
2.3401
2.1996
2.4476
2.4609
2.3274
2.3975
2.5327
2.507
2.4126
2.462
2.2938
2.4583
2.5648
2.517
2.2028
2.2698
2.1618
2.3205
2.5435
2.578
2.2513
2.385
2.4438
2.4651
2.6836
2.1443
2.2137
2.5712
2.7561
2.709
2.4066
2.3776
2.7264
2.4369
2.5223
2.1406
2.614
2.41
2.5511
2.4261
2.5616
2.3001
2.4184
2.5994
2.5228
2.4267
2.46
2.5037
2.1758
2.5433
2.3411
2.3747
2.3029
2.2579
2.4876
2.47
2.6586
2.2582
2.663
2.6772
2.5373
2.5139
2.3923
2.2585
2.5059
2.5286
2.4411
2.3208
2.3359
2.4575
2.3377
2.5523
2.4019
2.1367
2.4797
2.5518
2.1554
2.347
2.4355
2.5448
2.3513
2.1881
2.497
2.2706
2.1653
2.2386
2.3472
2.6818
2.1615
2.5367
2.3357
2.4348
2.5185
2.3168
2.5513
2.3351
2.2142
2.2627
2.1715
2.0962
2.1735
2.0748
2.1346
2.2323
2.1364
2.5109
2.3797
2.4908
2.4568
2.6777
2.3191
2.5012
2.405
2.6604
2.5559
2.2689
2.5032
2.3182
2.5605
2.4186
2.4032
2.5431
2.4791
2.4115
2.4033
2.4666
2.4934
2.343
2.5498
2.3165
2.3935
2.4225
2.1913
2.1311
2.7287
2.6883
2.5568
2.6052
2.438
2.4446
2.2082
2.5651
2.5591
2.6118
2.414
2.3916
2.1949
2.5572
2.5348
2.1403
2.5766
2.4016
2.4459
2.6802
2.4332
2.437
2.481
2.5232
2.4925
2.4471
2.6835
2.4202
2.4314
2.2209
2.4636
2.4095
2.4234
2.438
2.4632
2.6397
2.3267
2.4937
2.2509
2.2118
2.5623
2.2502
2.5468
2.4718
2.5083
2.3608
2.1824
2.433
2.3681
2.4463
2.1195
2.6219
2.6914
2.1963
2.455
2.4757
2.3612
2.6275
2.1177
2.631
2.4113
2.2219
2.4206
2.1945
2.1691
2.1879
2.3888
2.7265
2.3709
2.4929
2.4148
2.3906
2.5947
2.4212
2.4518
2.5739
2.4075
2.1222
2.4627
2.617
2.1623
2.3624
2.1147
2.0818
2.2235
2.4504
2.5697
2.3564
2.5132
2.6029
2.5125
2.3397
2.1347
2.7881
2.3433
2.4085
2.5347
2.6806
2.3226
2.5574
2.2234
2.7072
2.5482
2.2972
2.0895
2.4327
2.5167
2.5092
2.5239
2.4528
2.2768
2.4036
2.5542
2.4861
2.3312
2.5035
2.5171
2.2669
2.7977
2.5566
2.739
2.1223
2.3242
2.5105
2.1929
2.203
2.483
2.2702
2.4676
2.3765
2.283
2.4978
2.4418
2.7344
2.2872
2.4669
2.2013
2.7281
2.3873
2.2129
2.5907
2.6724
2.2949
2.5199
2.4386
2.5339
2.4185
2.4205
2.164
2.3245
2.3959
2.3967
2.8448
2.5001
2.1298
2.2452
2.2396
2.3616
2.2451
2.2472
2.352
2.5748
2.7226
2.601
2.5321
2.3724
2.4495
2.373
2.3168
2.3907
2.528
2.5481
2.5651
2.1892
2.4432
2.3478
2.4673
2.5614
2.4451
2.3728
2.4211
2.4499
2.4842
2.3823
2.4114
2.3895
2.383
2.3681
2.5544
2.528
2.3493
2.5194
2.5998
2.5818
2.4484
2.1586
2.5536
2.5287
2.6912
2.4398
2.5534
2.3687
2.2837
2.5653
2.5779
2.2949
2.2314
2.2208
2.5108
2.2684
2.2479
2.5356
2.4753
2.2581
2.6742
2.33
2.4166
2.5478
2.6087
2.1631
2.6371
2.3214
2.3976
2.4192
2.3317
2.2866
2.6277
2.4519
2.471
2.6526
2.6148
2.5615
2.4883
2.3104
2.4395
2.2861
2.5428
2.3346
2.5083
2.5313
2.5133
2.2655
2.6226
2.4682
2.4872
2.4238
2.483
2.3615
2.4439
2.4673
2.2404
2.6092
2.5364
2.2284
2.2941
2.6835
2.7104
2.1613
2.3057
2.2631
2.288
2.5288
2.4372
2.458
2.3849
2.6219
2.4602
2.5232
2.2492
2.6415
2.3072
2.7008
2.2178
2.2767
2.6196
2.3557
2.3164
2.4157
2.4456
2.4659
2.541
2.393
2.264
2.6038
2.3517
2.3629
2.6926
2.5049
2.5917
2.425
2.3992
2.6531
2.4083
2.5408
2.234
2.5031
2.4135
2.3558
2.6469
2.3116
2.3555
2.5586
2.4072
2.3398
2.6782
2.2046
2.589
2.692
2.1735
2.3706
2.2924
2.3704
2.2749
2.4134
2.4248
2.5572
2.3979
2.4882
2.2751
2.569
2.6308
2.394
2.458
2.4618
2.4799
2.5039
2.645
2.3966
2.4385
2.2993
2.609
2.4314
2.4435
2.4607
2.7082
2.4436
2.434
2.331
2.338
2.7502
2.5618
2.3359
2.4985
2.6268
2.5696
2.1666
2.3578
2.3464
2.2443
2.3304
2.2793
2.589
2.5065
2.6159
2.4767
2.6164
2.2113
2.6031
2.6001
2.2222
2.307
2.347
2.3463
2.5019
2.8094
2.4067
2.3128
2.6167
2.4214
2.6238
2.4869
2.3384
2.4016
2.7373
2.5414
2.4615
2.307
2.4052
2.535
2.4432
2.1869
2.5663
2.3536
2.4819
2.5616
2.7266
2.3194
2.6727
2.4831
2.3673
2.3964
2.4398
2.363
2.3081
2.3307
2.5583
2.4823
2.5166
2.2489
2.46
2.6146
2.6133
2.5828
2.3561
2.5901
2.6351
2.3976
2.5444
2.6342
2.4994
2.4488
2.6427
2.1895
2.4592
2.2462
2.447
2.4176
2.1595
2.6584
2.6354
2.3053
2.1353
2.0954
2.4929
2.328
2.166
2.2711
2.2816
2.3199
2.2899
2.7204
2.2292
2.5225
2.4036
2.2094
2.6025
2.2432
2.4782
2.4604
2.3011
2.6339
2.3974
2.2442
2.7144
2.4742
2.7414
2.5114
2.5946
2.3719
2.5041
2.6197
2.5351
2.3665
2.3726
2.4519
2.3383
2.7295
2.553
2.3439
2.4009
2.6271
2.4012
2.4033
2.5136
2.594
2.5264
2.472
2.4708
2.3816
2.8157
2.3929
2.1729
2.2264
2.3089
2.2795
2.1705
2.595
2.4368
2.5892
2.2593
2.3326
2.4283
2.5737
2.7475
2.4424
2.4891
2.5353
2.2361
2.4963
2.4541
2.7032
2.2993
2.4746
2.3769
2.6214
2.5193
2.4934
2.2783
2.3578
2.4176
2.6769
2.605
2.5616
2.3438
2.6048
2.4992
2.5182
2.62
2.2719
2.4371
2.5085
2.3662
2.303
2.5653
2.6354
2.3601
2.6121
2.4718
2.2264
2.2514
2.7178
2.9656
2.1269
2.2245
2.4
2.653
2.6486
2.4886
2.3666
2.557
2.4795
2.2435
2.6655
2.4794
2.2309
2.3167
2.5594
2.2144
2.3101
2.6329
2.6947
2.3052
2.2956
2.5238
2.6206
2.5831
2.3309
2.548
2.46
2.2245
2.5341
2.4929
2.3284
2.6352
2.4753
2.388
2.5183
2.5237
2.4921
2.3047
2.2926
2.6001
2.3166
2.4908
2.3206
2.2562
2.5585
2.4652
2.5044
2.4013
2.424
2.75
2.8581
2.1835
2.1087
2.2533
2.318
2.4396
2.6159
2.4334
2.3584
2.5138
2.3253
2.363
2.4002
2.4837
2.4986
2.2259
2.5422
2.3204
2.5087
2.4555
2.437
2.498
2.4585
2.3752
2.4267
2.3138
2.5383
2.4827
2.6977
2.5077
2.454
2.552
2.5961
2.4457
2.36
2.3311
2.6375
2.349
2.4613
2.5039
2.4776
2.5232
2.6171
2.3415
2.529
2.3138
2.3792
2.3007
2.4849
2.5699
2.9916
2.7906
2.3635
2.2152
2.4418
2.2497
2.3227
2.5036
2.4852
2.8375
2.4526
2.5229
2.3848
2.4092
2.2156
2.4982
2.3184
2.5577
2.5336
2.4189
2.5763
2.46
2.273
2.5458
2.4402
2.3911
2.5959
2.48
2.4015
2.3808
2.5769
2.5308
2.5977
2.6433
2.6427
2.5959
2.3997
2.6237
2.4441
2.2743
2.7747
2.5972
2.7414
2.4429
2.4907
2.3761
2.3525
2.4947
2.5462
2.4866
2.6246
2.9546
2.7667
2.4655
2.5009
2.443
2.5011
2.6669
2.4182
2.6392
2.4128
2.6127
2.3563
2.4592
2.4579
2.4731
2.6562
2.3703
2.5844
2.3991
2.7352
2.4815
2.5109
2.592
2.4613
2.4729
2.3752
2.7414
2.6106
2.6003
2.5431
2.6344
2.5713
2.3919
2.4537
2.4957
2.4537
2.4172
2.2545
2.5442
2.5438
2.5732
2.3643
2.5606
2.3019
2.2308
2.3405
2.2315
2.4537
2.2766
2.4512
2.3408
2.695
2.7095
2.2693
2.3233
2.358
2.668
2.6874
2.4542
2.6939
2.5036
2.7107
2.3034
2.3025
2.5022
2.5197
2.545
2.3967
2.4772
2.5858
2.5126
2.593
2.3824
2.3706
2.6341
2.539
2.3825
2.3291
2.4249
2.6289
2.5151
2.5276
2.4364
2.3303
2.3773
2.5451
2.6595
2.3115
2.6221
2.7782
2.4685
2.4797
2.4825
2.6233
2.3991
2.4332
2.4864
2.6795
2.5849
2.4401
2.4499
2.4256
2.5345
2.6957
2.4537
2.3657
2.2475
2.2372
2.7492
2.6719
2.339
2.5558
2.3448
2.2628
2.4096
2.4498
2.4616
2.6057
2.675
2.5436
2.5479
2.4731
2.3656
2.465
2.4705
2.4045
2.4458
2.5152
2.5661
2.3787
2.7246
2.4394
2.4245
2.363
2.535
2.4543
2.1504
2.2321
2.3423
2.3523
2.4547
2.6825
2.5324
2.7554
2.5756
2.5322
2.5226
2.657
2.4972
2.676
2.3673
2.4732
2.6233
2.4968
2.3367
2.2294
2.8469
2.6259
2.3869
2.3086
2.3577
2.26
2.3143
2.1872
2.2935
2.574
2.476
2.3654
2.4884
2.6651
2.5121
2.5938
2.5996
2.5714
2.4893
2.6469
2.2512
2.275
2.4984
2.453
2.4158
2.5203
2.3771
2.4678
2.4876
2.741
2.3925
2.5297
2.6835
2.239
2.4524
2.5331
2.6282
2.5362
2.5372
2.4663
2.4811
2.5192
2.6059
2.3699
2.2796
2.4309
2.2451
2.5901
2.2863
2.2656
2.4323
2.7357
2.6601
2.1548
2.4598
2.4077
2.5839
2.4965
2.1288
2.5991
2.4462
2.4413
2.1749
2.6622
2.446
2.4768
2.3549
2.5369
2.7441
2.4282
2.6761
2.795
2.1376
2.1095
2.0986
2.3402
2.3703
2.3552
2.2754
2.2385
2.5067
2.3558
2.3029
2.5354
2.4782
2.2792
2.2302
2.4676
2.4143
2.5862
2.3803
2.578
2.4774
2.4271
2.5715
2.5564
2.2419
2.4657
2.5373
2.6508
2.4773
2.2132
2.6809
2.5893
2.11
2.4854
2.6283
2.2214
2.2428
2.3221
2.4591
2.7432
2.7431
2.5626
2.5177
2.4601
2.5557
2.775
2.4096
2.5354
2.3359
2.5247
2.4662
2.4776
2.2079
2.3991
2.4994
2.2727
2.2036
2.6729
2.3533
2.4602
2.3481
2.6097
2.5109
2.5337
2.3143
2.2536
2.4015
2.4617
2.4543
2.5109
2.2461
2.2929
2.1062
2.4516
2.2337
2.4689
2.2388
2.1722
2.6175
2.4393
2.1906
2.6663
2.3809
2.3252
2.097
2.1072
2.4179
2.3117
2.5424
2.168
2.5334
2.3445
2.5676
2.4087
2.4525
2.5744
2.6664
2.7055
2.4823
2.3574
2.7261
2.4024
2.4922
2.3033
2.6431
2.7021
2.4
2.6597
2.4641
2.332
2.3573
2.3877
2.3267
2.3531
2.4035
2.3732
2.2848
2.6238
2.5644
2.5611
2.2861
2.3166
2.532
2.8981
2.225
2.492
2.2189
2.2046
2.5171
2.4165
2.3661
2.2769
2.554
2.6044
2.1033
2.1852
2.1975
2.1238
2.3463
2.4077
2.2102
2.3854
2.1086
2.5437
2.6944
2.7134
2.4779
2.5343
2.3412
2.668
2.4638
2.6786
2.5555
2.3514
2.4262
2.3927
2.5992
2.339
2.2812
2.6369
2.3635
2.3953
2.4132
2.2238
2.452
2.3404
2.1278
2.1972
2.6885
2.4301
2.347
2.2956
2.5396
2.4758
2.6223
2.2814
2.1999
2.3457
2.3956
2.496
2.4525
2.4583
2.244
2.5702
2.8388
2.109
2.1416
2.1921
2.3603
2.2452
2.6822
2.542
2.1528
2.4794
2.3599
2.4523
2.5513
2.5788
2.2969
2.6435
2.5841
2.2909
2.408
2.2877
2.3686
2.2874
2.4288
2.528
2.3824
2.469
2.3201
2.5706
2.4962
2.3823
2.5467
2.164
2.4771
2.2678
2.3852
2.565
2.6812
2.5733
2.5469
2.1395
2.4233
2.2045
2.3332
2.2113
2.1772
2.3872
2.391
2.1822
2.6274
2.3604
2.8243
2.4595
2.2615
2.4128
2.5474
2.3908
2.1501
2.6164
2.7431
2.3372
2.3488
2.6026
2.4964
2.2504
2.417
2.4827
2.3709
2.3563
2.3152
2.5007
2.4247
2.4217
2.5006
2.4884
2.3292
2.2877
2.603
2.5667
2.2664
2.4404
2.2952
2.4806
2.2369
2.2391
2.2306
2.4884
2.533
2.4914
2.6391
2.4672
2.5582
2.4901
2.247
2.1367
2.447
2.1205
2.3789
2.508
2.4515
2.485
2.0747
2.6939
2.4287
2.259
2.3501
2.2841
2.6248
2.3729
2.6798
2.3289
2.3464
2.1534
2.6146
2.4863
2.153
2.5636
2.3516
2.1517
2.0088
2.6181
2.5622
2.397
2.5639
2.4291
2.4749
2.3953
2.454
2.3761
2.6664
2.1485
2.3401
2.5264
2.8414
2.4064
2.5003
2.4359
2.4461
2.311
2.1101
2.3247
2.2002
2.1621
2.1607
2.2177
2.1377
2.2855
2.1728
2.2026
2.2197
2.1922
2.29
2.2685
2.4969
2.3529
2.2279
2.4582
2.6938
1.9353
2.0803
1.9946
2.2608
2.3125
2.2787
2.2754
2.719
2.0883
2.0462
2.0615
2.3369
2.0847
2.2099
2.288
2.3094
2.5502
2.7406
2.3182
2.443
2.5504
2.4801
2.4921
2.4395
2.6413
2.3279
2.2516
2.597
2.3628
2.6219
2.209
2.5964
2.7203
2.2905
2.2095
2.2648
2.5295
2.5179
2.5075
2.4269
2.5553
2.4142
2.4097
2.575
2.6026
2.5196
2.4668
2.532
2.3538
2.3747
2.3251
2.3728
2.6363
2.4159
2.217
2.4047
2.6298
2.4907
2.3498
2.6385
2.4457
2.6798
2.5058
2.3879
2.5438
2.1592
2.4348
2.2134
2.367
2.3477
2.2934
2.4005
2.3782
2.3694
2.4778
2.3777
2.4605
2.4764
2.5947
2.4666
2.5247
2.3724
2.4519
2.5806
2.4389
2.5643
2.3545
2.2111
2.4652
2.4682
2.473
2.5271
2.2686
2.3959
2.1384
2.4426
2.6146
2.4075
2.4456
2.1233
2.6792
2.7142
2.2515
2.3573
2.5432
2.3129
2.0791
2.2873
2.6259
2.3712
2.5701
2.5595
2.3449
2.4798
2.4978
2.452
2.3877
2.3494
2.5226
2.3072
2.3581
2.2522
2.5126
2.4735
2.5252
2.3591
2.4387
2.3401
2.3078
2.1998
2.3851
2.4866
2.5378
2.3634
2.3737
2.2732
2.3263
2.4984
2.4573
2.2791
2.2791
2.4453
2.4214
2.573
2.3266
2.4286
2.5373
2.5494
2.4121
2.6047
1.972
2.3553
2.6205
2.1141
2.1326
2.1729
2.0688
2.0701
1.963
2.2629
2.4791
2.4735
2.3759
2.5596
2.5478
2.3848
2.5675
2.3001
2.2545
2.5737
2.5752
2.2632
2.388
2.312
2.333
2.1654
2.3292
2.294
2.277
2.2356
2.2315
2.1538
2.3445
2.113
2.2073
2.2304
2.2087
2.2857
2.3529
2.3201
2.3792
2.4462
2.1419
2.5531
2.5405
2.3562
2.4691
2.3535
2.4446
2.6425
2.283
2.075
2.5814
2.5158
2.1899
2.0249
2.1308
2.1508
2.1363
2.2651
2.5454
2.5683
2.1871
2.3546
2.5003
2.3805
2.435
2.4561
2.4926
2.3313
2.4328
2.4126
2.4887
2.5506
2.4563
2.4449
2.3197
2.4543
2.3462
2.3618
2.3852
2.539
2.1884
2.596
2.4392
2.609
2.1405
2.6581
2.3005
2.5545
2.4838
2.4554
2.3013
2.4075
2.5136
2.504
2.2996
2.3293
2.4556
2.5543
2.4802
2.1922
2.1701
2.5767
2.4415
2.2656
2.0796
2.037
2.1843
2.3266
2.2064
2.4741
2.6403
2.418
2.4994
2.4249
2.4707
2.4489
2.4382
2.2275
2.3592
2.4223
2.4236
2.4566
2.2846
2.5609
2.6693
2.4868
2.4958
2.3712
2.2822
2.2746
2.4438
2.2893
2.3368
2.5707
2.1751
2.264
2.4065
2.5407
2.545
2.4417
2.2942
2.5319
2.2927
2.4745
2.453
2.3705
2.4558
2.115
2.3515
2.4383
2.3848
2.1705
3.3717
2.5047
2.07
2.1329
2.3786
2.2557
2.0537
2.3885
2.3479
2.1654
2.1823
2.3726
2.2142
2.3681
2.3076
2.2509
2.2421
2.3433
2.5601
2.516
2.4472
2.1717
2.5407
2.5601
2.3561
2.4838
2.5667
2.4117
2.5709
2.3104
2.3889
2.5045
2.2034
2.3049
2.3005
2.4744
2.2979
2.2464
2.3784
2.6131
2.3721
2.5264
2.4184
2.4815
2.5246
2.4224
2.4894
2.5799
2.2627
2.3723
2.1919
2.6559
2.4652
2.4965
2.3311
2.4389
2.6419
2.5052
2.418
2.1892
2.5197
2.4388
2.4118
2.4166
1.9938
2.0494
2.155
2.1981
2.3054
2.2605
2.7459
2.3398
2.3438
2.5382
2.7902
2.4631
2.3367
2.2086
2.45
2.4106
2.5489
2.3782
2.3292
2.594
2.5186
2.3765
2.5785
2.3847
2.3855
2.4019
2.5015
2.2678
2.6109
2.4797
2.196
2.3426
2.3407
2.4572
2.4714
2.5455
2.2993
2.4813
2.4409
2.3917
2.3692
2.4261
2.2973
2.3274
2.5333
2.2974
2.5864
2.3771
2.578
2.2479
2.149
2.5701
2.4284
2.0062
2.1654
2.3623
2.3177
2.434
2.5575
2.5924
2.4716
2.3566
2.7948
2.3526
2.163
2.1919
2.3349
2.0862
2.5263
2.1105
2.3187
2.1816
2.4218
2.3006
2.2849
2.4959
2.5266
2.2913
2.5173
2.5166
2.3342
2.4429
2.4392
2.4116
2.4748
2.4621
2.369
2.4776
2.356
2.5003
2.4452
2.2885
2.5235
2.5195
2.319
2.7328
2.5033
2.534
2.6253
2.4632
2.4396
2.0444
2.649
2.5467
2.3419
2.3043
2.3623
2.2649
2.2687
2.2937
2.5947
2.4256
2.6487
2.3658
2.3839
2.4361
2.5539
2.5346
2.229
2.3185
2.4582
2.3133
2.6184
2.4382
2.6038
2.2014
2.5065
2.2059
2.059
2.4238
2.4218
2.3914
2.3747
2.4815
2.4317
2.4537
2.4204
2.57
2.5104
2.3663
2.4403
2.5703
2.4355
2.3179
2.3634
2.5081
2.3142
2.5801
2.4695
2.4467
2.4728
2.3857
2.2797
2.7067
2.2904
2.4116
2.3776
2.2943
2.3542
2.4996
2.2666
2.1931
2.6739
2.5057
2.5941
2.2741
2.5104
2.3528
2.5391
2.3695
2.4018
2.4681
2.5962
2.3314
2.3881
2.4432
2.3244
2.3492
2.3562
2.3456
2.3264
2.4792
2.2605
2.3218
2.3939
2.3274
2.3432
2.3016
2.4658
2.2573
2.4562
2.5619
2.3298
2.5347
2.3153
2.1028
2.3075
2.1957
2.7623
2.3134
2.4304
2.5275
2.3963
2.1781
2.6828
2.4106
2.1232
2.1847
2.2741
2.3206
2.2121
2.2864
2.3219
2.3258
2.3866
2.3653
2.572
2.5386
2.6096
2.5773
2.2025
2.5288
2.4576
2.5518
2.2823
2.2263
2.5355
2.4605
2.555
2.4533
2.3747
2.4598
2.1056
2.5193
2.451
2.518
2.3249
2.4374
2.521
2.3501
2.1986
2.275
2.2153
2.3193
2.2748
2.2438
2.1932
2.1493
2.229
2.4077
2.1546
2.2548
2.315
2.3636
2.3657
2.8073
2.2103
2.1241
2.0987
2.1403
2.0865
2.1801
2.0883
2.2359
2.5885
2.4441
2.6457
2.5127
2.4483
2.4986
2.5055
2.5349
2.4723
2.4615
2.3986
2.4029
2.588
2.5315
2.4736
2.428
2.3566
2.4374
2.4461
2.1136
2.2025
2.1772
2.2651
2.2222
2.3954
2.3766
2.4282
2.3467
2.4007
2.1635
2.072
2.291
1.9188
2.3723
2.2651
2.3933
2.3067
2.1466
2.2827
2.1684
2.1649
2.0625
2.5411
2.3583
1.9557
2.3622
2.042
1.9734
2.1342
2.315
2.3718
2.3291
2.1463
2.3587
2.0555
2.3331
2.2653
2.4306
2.282
2.3871
2.2356
2.2522
2.4616
2.3126
2.4478
2.4855
2.5396
2.5456
2.4799
2.4996
2.4226
2.4654
2.4506
2.3983
2.5754
2.4712
2.5422
2.4267
2.4833
2.4883
2.431
2.2932
2.4885
2.341
2.4751
2.3681
2.4175
2.3167
2.3586
2.4206
2.3868
2.2694
2.1637
2.2779
2.0379
2.6938
2.5082
2.4771
2.5097
2.5747
2.2573
2.4484
2.468
2.1095
2.3948
2.5031
2.5331
2.5176
2.3405
2.3945
2.3015
2.4443
2.5706
2.475
2.4608
2.4031
2.5503
2.3548
2.6245
2.3664
2.4985
2.6231
2.432
2.2655
2.2797
2.4506
2.5051
2.3895
2.2749
2.5434
2.1546
2.5208
2.2984
2.4967
2.3477
2.4286
2.5708
2.3287
2.3139
2.4312
2.3036
2.4105
2.4073
2.3715
2.8891
2.3787
2.4353
2.3442
2.5201
2.3303
2.5248
2.428
2.5148
2.2891
2.4494
2.3134
2.1553
2.4786
2.1065
2.1179
2.0982
2.0366
2.3239
2.3852
2.1982
2.2562
2.1955
2.1915
2.1271
2.2223
2.2421
2.2606
2.2865
2.3318
2.2397
2.3178
2.295
2.1093
2.2534
2.3919
2.3682
2.3623
2.2622
2.1428
2.2752
2.2659
2.241
2.1408
2.2
2.1512
2.1392
2.1772
2.2362
2.3659
2.264
2.2686
2.3293
2.4141
2.1289
2.3895
2.2946
2.2665
2.158
2.1677
2.3051
2.1541
2.3443
2.2296
2.1301
2.7029
2.4462
2.4283
2.2515
2.3272
2.152
2.2171
2.3284
2.3804
2.4057
2.2794
2.5344
2.4626
2.5543
2.5076
2.1712
2.4216
2.4987
2.3727
2.3287
2.5361
2.4203
2.5124
2.3664
2.4943
2.4944
2.3367
2.4353
2.4122
2.4231
2.3778
2.4651
2.5088
2.4787
2.3678
2.3563
2.5427
2.363
2.4574
2.3982
2.4206
2.3783
2.4479
2.426
2.4862
2.4037
2.4673
2.4629
2.5922
2.4582
2.0459
2.5997
2.3028
1.988
2.1234
2.0791
2.1311
2.2907
2.0798
2.0845
2.0344
2.0115
1.9068
1.9955
2.1283
2.0763
2.0108
2.0813
1.9709
2.0107
1.976
2.0438
2.0667
2.1668
2.0779
2.0539
2.108
2.1232
2.158
2.0662
1.9594
2.1251
2.0241
2.1195
2.1671
2.1374
2.0233
2.1032
2.0886
2.1586
2.1101
2.1609
2.5029
2.2801
2.2461
2.2602
2.2217
2.379
2.1708
2.2234
2.3167
2.0541
2.5043
2.3237
1.9867
1.9585
2.0674
2.0263
2.2031
2.0677
2.0952
2.0442
2.0678
2.4022
2.4452
2.4301
2.4763
2.409
2.4387
2.2033
2.3543
2.4951
2.4302
2.342
2.3453
2.2381
2.56
2.3626
2.5077
2.3635
2.3636
2.4686
2.4588
2.4087
2.5504
2.3924
2.5089
2.4379
2.4897
2.3266
2.4514
2.317
2.5735
2.3225
1.9501
2.3011
2.3312
2.1727
2.1411
2.2514
2.504
2.5715
2.1155
2.5191
2.7638
2.1148
1.9641
2.0596
2.1312
2.1661
1.985
2.4296
2.3835
2.1377
2.199
2.2851
2.3461
2.5959
2.4205
2.6338
2.2615
2.5862
2.236
2.5329
2.4946
2.0961
2.5055
2.4891
2.4761
2.6288
2.4741
2.5092
2.2621
2.4151
2.3935
2.4496
2.3007
2.4288
2.4173
2.5727
2.4032
2.5061
2.4533
2.4492
2.4215
2.3221
2.3101
2.4556
2.2335
2.4473
2.4082
2.4643
2.4111
2.0569
2.481
2.3932
2.0282
2.0801
2.0024
2.023
2.0617
2.0803
2.2937
2.2475
2.3636
2.3698
2.2295
2.3772
2.1882
2.1818
2.162
2.3985
2.3513
2.2237
2.3076
2.3274
2.3224
2.3382
2.3882
2.3634
2.2645
2.3625
2.2704
2.4222
2.3516
2.2358
2.1915
2.3381
2.5686
2.4968
2.47
2.4164
2.472
2.4688
2.5936
2.2595
2.4113
2.2808
2.3502
2.3155
2.31
2.4641
2.283
2.2818
1.9737
2.3982
2.2571
1.9959
2.1923
2.0316
2.1701
2.0311
2.1015
2.0423
2.0119
2.1643
2.2164
2.1578
2.2804
2.353
2.1099
2.3976
2.4365
2.4811
2.5302
2.3557
2.5203
2.4863
2.5244
2.2965
2.1215
2.2523
2.2844
2.3013
2.2992
2.2274
2.3753
2.3185
2.1973
2.2651
2.2468
2.254
2.3889
2.2624
2.4153
2.28
2.0809
2.2407
2.2492
2.132
2.3667
2.2989
2.4145
2.4663
2.5125
2.0747
2.4949
2.2616
2.2571
1.8826
1.8932
1.9401
2.0196
1.9934
2.1728
1.9168
2.1869
2.0031
2.0522
2.2358
2.2845
2.1937
2.17
2.3101
2.3599
2.1855
2.45
2.3557
2.4391
2.3426
2.0845
2.1322
2.3656
2.2616
2.2259
2.4407
2.3735
2.278
2.2384
2.2447
2.2622
2.1989
2.4652
2.2689
2.3833
1.9437
2.1725
2.4194
2.4677
2.3657
2.4205
2.386
2.4932
2.5585
2.4365
2.549
2.3185
2.5207
2.6281
1.9792
2.0742
2.1265
2.092
2.1016
2.0693
2.2672
2.0329
2.2028
2.3243
2.3303
2.3225
2.1191
1.9414
1.9761
1.9859
2.146
2.0876
2.0724
2.4689
2.4446
2.2376
2.4356
2.2858
2.1961
2.2657
2.1968
2.2256
2.1402
2.2097
2.2962
2.2027
2.03
2.3459
2.1072
2.1
2.4802
2.6495
2.2519
2.2759
2.4037
2.2341
2.2158
2.1471
2.376
2.1993
2.2205
2.1294
1.9897
2.1905
2.1313
2.2173
2.387
2.1454
2.1726
2.405
2.4077
2.4978
2.5447
2.5402
2.5083
2.4437
2.4592
2.5602
2.435
2.4686
2.4515
2.4484
2.3464
2.6123
2.6984
2.3287
2.5834
2.5577
2.3145
2.5397
2.4126
2.3053
2.3703
2.5766
2.4049
2.4047
2.4127
2.152
2.53
2.2263
2.0198
2.1702
2.1993
2.2709
2.3944
2.2274
2.124
2.2971
2.2443
2.3235
2.2483
2.6074
2.5158
2.5162
2.5915
2.3578
2.4437
2.477
2.6095
2.5727
2.4953
2.3485
2.3891
2.4715
2.2025
2.4199
2.4231
2.3271
2.396
2.4018
2.5049
2.3345
2.5097
2.3959
2.1992
2.3542
2.1672
2.341
2.4799
2.5579
2.5628
2.4551
2.5289
2.4635
2.4103
2.404
2.2406
2.4409
2.0638
2.4951
2.4063
2.2818
2.2705
2.2243
2.2723
2.3075
2.3101
2.1277
2.4418
2.6062
2.5552
2.2024
2.2353
2.3071
2.2683
2.1732
2.3556
2.2556
2.1596
2.3142
2.2314
2.2709
2.3567
2.2591
2.4042
2.2796
1.9532
1.8858
1.9923
2.1592
2.1132
2.2777
2.3763
2.3722
2.2336
2.3515
2.5034
2.4889
2.3017
2.6023
2.527
2.5569
2.4061
2.3416
2.8283
2.3746
2.3952
2.4754
2.3241
2.2222
2.4223
2.1543
2.3091
2.2654
2.1228
2.4461
2.5249
2.3862
2.3948
2.4183
2.4847
2.4299
2.4611
2.6193
2.4628
2.2817
2.4155
2.3107
2.528
2.4449
2.5725
2.4491
2.3896
2.4561
2.5035
2.6928
2.3674
2.5568
2.4943
2.3242
2.4573
2.5655
2.4712
2.4593
2.4188
2.5821
2.4252
2.5529
2.6944
2.4302
2.5776
2.3712
2.6254
2.2548
2.2864
2.5793
2.2514
2.3733
2.5348
2.3509
2.0938
2.6817
2.5185
2.0069
1.9349
2.0451
2.0219
2.2734
2.3137
2.3574
2.46
2.5852
2.565
2.4597
2.5107
2.5352
2.8891
2.087
2.5438
2.4816
2.4477
2.2921
2.277
2.44
2.1992
2.3307
2.4355
2.3811
2.3666
2.3834
2.5278
2.2132
2.4764
2.6519
2.5163
2.3047
2.4318
2.3336
2.4838
2.4203
2.3965
2.2942
2.5776
2.5514
2.3554
2.3476
2.4847
2.2862
2.3648
2.5369
2.38
2.1657
2.6482
2.6331
2.0651
2.093
2.1829
2.2423
2.642
2.5345
2.5052
2.3396
2.5215
2.5653
2.44
2.4409
2.338
2.4794
2.3457
2.2499
2.4385
2.443
2.605
2.3522
2.4202
2.44
2.488
2.3023
2.267
2.3487
2.4392
2.3748
2.4917
2.4249
2.3752
2.4009
2.4245
2.7393
2.3774
2.5644
2.3559
2.5228
2.552
2.5006
2.5784
2.5125
2.519
2.3698
2.7521
2.4601
2.3011
2.4969
2.1734
2.7906
2.505
2.0535
2.046
2.1984
2.1369
2.1883
2.2902
2.3917
2.2844
2.2806
2.3632
2.2981
2.3701
2.371
2.4149
2.4697
2.6269
2.4511
2.5552
2.3189
2.5748
2.3197
2.4739
2.4985
2.2381
2.5514
2.4055
2.264
2.2646
2.5814
2.5706
2.3129
2.7041
2.4622
2.5235
2.3962
2.3603
2.4696
2.4148
2.4124
2.5315
2.4056
2.6804
2.4379
2.4676
2.0949
2.105
2.2044
2.4107
2.2671
2.7258
2.6012
2.3484
2.1588
2.4637
2.4632
2.6235
2.5327
2.4563
2.446
2.5435
2.1769
2.5642
2.6136
2.4941
2.379
2.5382
2.3053
2.5678
2.3378
2.483
2.5679
2.3821
2.416
2.4862
2.3474
2.3083
2.5685
2.5167
2.5288
2.5053
2.3398
2.555
2.4443
2.7039
2.5048
2.3744
2.4082
2.6146
2.3785
2.4345
2.3622
2.2148
2.4606
2.5169
2.2973
2.3241
2.5476
2.4444
2.3593
2.1706
2.5494
2.7373
2.0052
1.9175
2.0909
2.1531
2.2499
2.0571
2.2181
2.0746
2.2821
2.2203
2.142
2.084
2.421
1.9622
2.4687
2.3697
1.903
2.092
2.3683
2.4501
2.2148
2.2997
2.2451
2.2752
2.2344
2.2643
2.2558
2.2421
2.2776
2.3583
2.1033
2.3323
2.2043
2.3369
2.2356
2.1767
2.5366
2.2677
2.1952
2.1405
2.2613
2.1995
2.0937
2.2496
2.1607
2.183
2.2498
2.4161
2.197
2.373
2.5401
2.345
2.5889
2.4975
2.4408
2.6169
2.2955
2.5302
2.4071
2.2986
2.1461
2.5167
2.3979
2.3172
2.4735
2.1294
2.6349
2.5016
2.1106
2.2701
2.463
2.3352
2.4778
2.4918
2.2963
2.2122
2.3763
2.5753
2.4575
2.3798
2.5674
2.376
2.2009
2.4782
2.4414
2.5322
2.3155
2.4004
2.5962
2.3515
2.3088
2.3542
2.3838
2.5252
2.3802
2.4255
2.4102
2.5715
2.5137
2.5471
2.3911
2.5455
2.3559
2.4371
2.6354
2.4218
2.6365
2.2624
2.53
2.5814
2.3504
2.5322
2.2983
2.5015
2.5397
2.4265
2.0718
2.4932
2.4928
2.1272
2.1254
2.0858
2.4182
2.2668
2.3279
2.3558
2.256
2.5293
2.4471
2.546
2.36
2.5228
2.5887
2.307
2.5523
2.5294
2.3359
2.5932
2.1548
2.5595
2.2628
2.3792
2.4549
2.2951
2.4941
2.1978
2.3335
2.4674
2.3889
2.2575
2.2863
2.4487
2.4384
2.4372
2.5813
2.4112
2.449
2.4471
2.4528
2.4958
2.4762
2.4816
2.3739
2.3866
2.4617
2.3009
2.5308
2.1851
2.9034
2.0577
2.4298
2.355
2.0641
2.4067
2.2761
2.1258
2.2692
2.2401
2.2042
2.1598
2.1791
2.4361
2.2388
2.1917
2.1725
2.2971
2.2063
2.2848
2.378
2.2821
2.1155
2.1636
2.1701
2.4062
2.2251
2.2525
2.2069
2.2967
2.1186
2.2164
2.3301
2.3512
2.2187
2.3282
2.3299
2.133
2.1694
2.3236
2.3688
2.2317
2.2554
2.4581
2.1879
2.152
2.1409
2.2811
2.3026
2.2465
1.9877
2.2739
2.6218
1.9175
1.9479
1.9735
1.9165
1.959
2.0478
2.0653
2.1044
2.1731
2.2263
2.3236
2.075
2.2072
2.4862
2.3678
2.3315
2.2474
2.1547
2.4507
2.3461
2.5257
2.4041
2.3816
2.1588
2.6509
2.4867
2.3971
2.2781
2.5812
2.4026
2.3664
2.3974
2.531
2.2725
2.5428
2.4824
2.256
2.5102
2.4285
2.4828
2.4976
2.495
2.4863
2.5773
2.1954
2.4304
2.3611
2.4293
2.1348
2.5459
2.5236
2.3429
2.3213
2.4926
2.4918
2.5313
2.5699
2.4984
2.3685
2.4941
2.4106
2.4207
2.4718
2.4797
2.3622
2.4555
2.3919
2.3886
2.3204
2.4429
2.4236
2.3499
2.5683
2.507
2.39
2.5292
2.4048
2.44
2.4116
2.4256
2.387
2.2105
2.4705
2.1899
2.169
2.189
2.2653
2.3015
2.3163
2.4259
2.2907
2.1209
2.0327
2.2575
2.2705
2.3971
2.1759
2.4163
2.2634
2.1025
2.396
2.4102
1.9262
1.9823
2.117
2.1395
2.0105
2.2309
2.0841
2.1907
2.1396
2.4111
2.5677
2.5419
2.4462
2.5003
2.5166
2.3213
2.3653
2.5171
2.4404
2.5073
2.5294
2.2393
2.5956
2.4298
2.4495
2.4779
2.4364
2.3998
2.4934
2.2464
2.5063
2.5455
2.3779
2.5314
2.316
2.4563
2.3181
2.4828
2.4277
2.3384
2.2943
2.3648
2.4043
2.3448
2.3381
2.2686
2.0919
2.1847
2.0724
2.2563
2.4916
2.1188
2.0288
2.228
2.1848
2.3578
2.3381
2.2317
2.2392
2.1744
2.1354
2.485
2.1725
2.0352
2.1406
2.0545
2.0195
2.1295
1.9695
2.0183
1.9716
2.0815
2.1017
2.0075
2.0406
2.0826
1.9115
2.1731
2.058
1.9804
1.9495
1.9914
2.0636
2.1046
2.1302
2.0982
2.0804
2.0748
2.0641
2.1681
2.1214
2.3801
2.1745
2.1785
2.2669
2.2534
2.5764
2.1637
2.2404
1.9422
2.414
2.2653
2.1739
2.3026
2.3008
2.4523
2.4332
2.3977
2.4336
2.4026
2.254
2.3974
2.284
2.4274
2.4978
2.3439
2.5794
2.4878
2.3014
2.5709
2.38
2.5529
2.6119
2.4575
2.3133
2.329
2.4819
2.3864
2.0343
2.1341
2.0006
2.1084
2.0231
2.2541
2.2158
2.2715
2.2909
2.1
2.396
2.3468
2.6431
2.5667
2.481
2.5757
2.4299
2.4173
2.349
2.2687
2.3088
2.4666
2.4375
2.4949
2.5058
2.3128
2.4553
2.5495
2.536
2.3306
2.4718
2.4539
2.4623
2.5371
2.4217
2.4625
2.1858
2.2906
2.4402
2.3116
2.499
2.3685
2.2029
2.3533
2.4556
2.4221
2.5144
2.2696
2.255
2.0849
2.6834
2.5172
2.0201
1.9278
1.9871
1.9253
2.0801
2.0195
2.0688
2.1155
2.0321
2.1207
2.0316
2.1459
2.1537
2.258
2.233
2.2627
2.3576
2.1771
2.1474
2.2377
2.3638
2.3361
2.1838
2.1042
2.1321
2.1906
2.0686
2.1736
2.2452
2.2419
2.2404
2.2387
2.1599
2.0889
2.0885
2.2649
2.3748
2.3588
2.1589
2.2321
2.3016
2.4437
2.3983
2.2476
2.4021
2.3158
2.2623
2.3704
2.1924
2.1822
2.7375
2.4069
2.056
2.2544
2.4457
2.5458
2.3277
2.4004
2.6417
2.5506
2.4387
2.6046
2.3314
2.5041
2.4302
2.5006
2.4919
2.2021
2.3639
2.6168
2.0999
2.0331
2.0637
2.0425
2.055
2.1602
2.1245
2.1022
1.9802
2.1522
2.1746
2.1052
2.3711
2.308
2.342
2.2513
2.2401
2.348
2.2532
2.1795
2.3434
2.1818
2.4594
2.5094
2.6391
2.4531
2.5955
2.5017
2.4298
2.0627
2.5899
2.362
2.258
2.3191
2.4241
2.3352
2.2964
2.276
2.239
2.1933
2.1883
2.1514
2.2277
2.2366
2.2674
2.3039
2.2306
2.1819
2.3933
2.2684
2.1479
2.234
1.9527
1.9366
1.9114
2.0698
2.0877
1.9814
2.0503
1.9727
2.1326
2.1931
2.3221
2.3239
2.3706
2.2096
2.3824
2.2932
2.1942
2.2637
2.358
2.175
2.4425
2.5666
2.4974
2.5023
2.4217
2.4464
2.4606
2.5241
2.1373
2.4954
2.4937
1.9109
1.907
1.9392
1.958
1.897
1.8665
2.1657
2.3348
2.2023
2.1707
2.1339
2.1384
2.0991
2.0568
2.1127
1.9853
1.9951
2.0677
2.1214
2.1744
2.3363
2.3151
2.2516
2.5193
2.4684
2.3788
2.5232
2.3494
2.3682
2.4371
2.5128
2.288
2.4728
2.2543
2.4154
2.8417
2.2993
2.5541
2.5102
2.4487
2.4159
2.719
2.4908
2.4737
2.3432
2.4647
2.222
2.4147
2.3111
2.5499
2.5166
2.0721
2.1921
2.1359
2.0242
2.0879
1.9926
2.0657
1.9773
1.9334
1.9868
2.1201
2.0809
2.1772
2.0698
2.0847
2.2099
2.3563
2.2889
2.289
2.1485
2.2218
2.2853
2.4095
2.3336
2.1725
2.4122
2.1936
2.2373
2.401
2.2672
2.2222
2.1599
2.1653
2.1464
2.6042
2.375
2.5387
2.4228
2.5037
2.3762
2.1066
2.2106
2.3651
2.3548
2.18
2.1762
2.3086
2.4636
1.9984
2.7183
2.653
2.0571
2.3108
2.2273
2.2307
2.1744
2.2888
2.2406
2.3045
2.3597
2.6792
2.4603
2.39
2.4891
2.4891
2.4268
2.3956
2.4267
2.4857
2.3278
2.3133
2.5687
2.4714
2.5507
2.4196
2.4706
2.3451
2.4481
2.3432
2.3939
2.5831
2.4078
2.4837
2.3568
2.5317
2.4808
2.3277
2.4247
2.4127
2.4784
2.273
2.3869
2.3874
2.5848
2.2412
2.2552
2.1381
2.0727
1.9894
2.0922
1.9664
2.3966
2.2153
2.5417
2.5105
2.6331
2.2245
2.4314
2.4731
2.4588
2.2921
2.5656
2.3743
2.4983
2.3258
2.4021
2.3306
2.4788
2.5022
2.3335
2.3823
2.3637
2.308
2.3062
2.4126
2.5139
2.5586
2.5164
2.4273
2.4091
2.4862
2.4517
2.404
2.3434
2.4342
2.2235
2.3748
2.333
2.38
2.3892
2.3872
2.4782
2.5385
2.5002
2.4665
2.4525
2.2048
2.332
2.5922
2.4623
2.0131
2.6399
2.5327
2.3234
2.36
2.4989
2.3839
2.133
2.2375
2.3751
2.1292
2.0454
2.3709
2.2979
2.1551
2.2002
2.3158
2.2687
2.1628
2.0882
2.2007
2.3317
2.1494
2.4176
2.1234
2.1217
2.1781
2.2424
2.2811
2.3168
2.0777
2.3677
2.472
2.3935
2.3013
2.3406
2.423
2.429
2.0413
2.0769
2.1672
2.2053
2.4734
2.244
2.3164
2.2347
2.3541
2.0707
2.1786
2.1986
2.2825
2.2148
2.2316
2.2506
2.1139
2.3801
2.1167
2.2848
2.2155
2.2172
2.2859
2.0608
2.1609
2.1824
2.3282
2.2355
2.1382
2.3447
2.3293
2.1625
2.3489
2.2193
2.1031
2.1047
2.224
2.0939
2.3038
2.0562
2.241
2.3665
2.3002
2.2739
2.2659
2.6839
1.9575
2.0317
2.1081
2.1131
2.2422
2.1265
2.5047
2.3584
2.2931
2.4409
2.4256
2.2803
2.2825
2.2578
2.1289
2.3027
2.2053
2.2486
2.2096
2.1742
2.2738
2.2521
2.3657
2.2712
2.2519
2.2459
2.2379
2.2741
2.0889
2.301
2.3364
2.2153
1.9878
2.3572
2.3616
2.2605
2.1941
2.3699
2.2843
2.2107
2.306
2.2215
2.3309
2.156
2.2622
2.0775
2.2169
2.3331
1.9749
2.3407
2.1987
2.1782
2.2713
2.3385
2.1967
2.2484
2.31
2.2877
2.2936
2.2212
2.1267
2.312
2.0731
2.1858
2.5562
2.4295
2.4335
2.4286
2.6209
2.4522
2.4872
2.269
2.5158
2.38
2.3862
2.5371
2.2776
2.5136
2.5242
2.3307
2.5014
2.6148
2.4599
2.5531
2.3558
2.2725
2.4517
2.4776
2.3299
2.396
2.4837
2.4444
2.3388
2.2743
2.3716
2.5424
2.5278
2.4734
2.1906
2.1617
2.447
2.3278
2.3345
2.2988
2.1731
2.4473
2.1807
2.2916
2.3208
2.3675
2.4426
2.2817
2.3385
2.1381
2.4204
2.1099
2.0725
2.2537
2.1816
2.2203
2.4355
2.0754
2.3517
2.1236
2.5024
2.2505
2.1962
2.1518
2.473
2.5558
2.3601
2.4928
2.4517
2.4569
2.5343
2.3927
2.4895
2.48
2.4052
2.3403
2.4335
2.3618
2.4734
2.401
2.6241
2.2348
2.3837
2.4113
2.515
2.4969
2.0172
2.6214
2.4811
2.133
2.1044
2.0915
2.328
2.3349
2.2382
2.4922
2.5932
2.4133
2.44
2.3859
2.1729
2.4767
2.7061
2.366
2.3792
2.4142
2.4123
2.3453
2.6177
2.4304
2.4027
2.321
2.2184
2.3449
2.2021
2.3298
2.3232
2.3008
2.0294
2.2546
2.2752
2.0792
2.3222
2.1289
2.2775
2.2552
2.2329
2.2742
2.3317
2.2282
2.3601
2.3402
2.1949
2.2146
2.362
2.4279
2.3444
2.1007
2.3515
2.3566
2.0959
2.0489
2.3379
2.3706
2.4657
2.086
2.5161
2.4017
2.3791
2.5336
2.4173
2.58
2.4512
2.4645
2.4319
2.5354
2.5306
2.4475
2.3203
2.433
2.2875
2.5478
2.354
2.5991
2.4955
2.4701
2.2726
2.5488
2.3356
2.6398
2.3479
2.416
2.3884
2.4689
2.3748
2.5494
2.5203
2.3298
2.2649
2.3759
2.4853
2.3404
2.4854
2.4697
2.3824
2.3979
2.2209
2.3702
2.365
2.811
2.3752
2.2262
2.2463
2.267
2.3167
2.2426
2.0853
2.1318
2.3143
2.4334
2.2455
2.3038
2.1059
2.0753
2.1061
2.2201
2.3026
2.3462
2.3543
2.5266
2.4576
2.6544
2.3318
2.4919
2.2875
2.2095
2.143
2.3037
2.2691
2.2224
2.2633
2.1106
2.1263
2.3118
2.1675
2.386
2.4367
2.4958
2.3386
2.3845
2.4451
2.3563
2.4826
2.3651
2.5886
2.3371
2.5061
2.2578
2.5279
2.1013
2.3287
2.3071
2.3471
2.0137
2.1807
2.1057
2.246
2.2733
2.5342
2.5516
2.699
2.4591
2.4823
2.4198
2.3448
2.19
2.3363
2.3805
2.2741
2.1557
2.2644
2.109
2.2728
2.2059
2.1291
2.2435
2.2128
2.1997
2.4172
2.257
2.364
2.3465
2.3815
2.2563
2.4282
2.6237
2.4525
2.172
2.4355
2.3116
2.4269
2.4539
2.4518
2.1804
2.5132
2.5261
2.3159
2.4743
2.412
2.4096
2.3461
2.5375
2.5892
1.9594
2.0674
2.2394
2.3051
2.2872
2.1265
2.3022
2.3674
2.2207
2.3591
2.1272
2.1034
2.1703
2.3721
2.3154
2.1713
2.2361
2.4245
2.3304
2.3112
2.3916
2.1954
2.2803
2.2313
2.0117
2.3844
2.1285
2.0676
2.1639
2.0746
2.0335
2.1834
2.2606
1.9616
2.073
2.0512
2.0837
2.0824
2.0811
2.1451
2.0797
1.9863
2.3304
2.6198
2.4735
2.5601
2.39
2.3462
2.4142
2.5089
2.4169
2.3805
2.4153
2.3053
2.6965
2.5855
2.2892
2.3984
2.3808
2.1923
2.1888
2.0765
2.2467
2.7364
2.3181
2.4724
2.5607
2.5327
2.43
2.5054
2.6051
2.5809
2.2417
2.2784
2.2399
2.3264
2.0716
2.7885
2.441
2.1559
2.3296
2.3462
2.4815
2.4657
2.4228
2.5369
2.4636
2.3084
2.2398
2.3344
2.5997
2.4202
2.4622
2.389
2.2996
2.5186
2.4942
2.3991
2.3769
2.3877
2.274
2.2968
2.5583
2.4875
2.4392
2.4311
2.4442
2.3026
2.2317
2.3973
2.6032
2.6432
2.3846
2.6603
2.5962
2.4903
2.4525
2.4034
2.4106
2.4526
2.4396
2.311
2.4783
2.5986
2.3711
2.4218
2.3301
2.1376
2.5641
2.531
1.8668
1.9117
1.9858
1.9493
2.0871
1.9562
2.1723
2.1824
2.1107
2.1651
2.4124
2.0549
1.987
1.8662
1.8943
2.0363
2.0158
2.2284
2.2
2.1736
2.4781
2.3656
2.6545
2.4169
2.298
2.4409
2.021
2.3146
2.2316
2.0965
2.3508
2.4197
2.5693
2.5825
2.5347
2.4977
2.3032
2.4747
2.3995
2.3356
2.4488
2.4232
2.5197
2.4231
2.3722
2.4189
2.4239
2.3584
2.1012
2.7451
2.5162
2.0852
2.0717
2.0102
2.2733
2.3304
2.4851
2.3583
2.4422
2.4498
2.405
2.5311
2.572
2.2756
2.6077
2.3819
2.5423
2.4265
2.3875
2.4247
2.4927
2.4253
2.4476
2.4144
2.3563
2.4244
2.3038
2.2139
2.2137
2.3765
2.1462
2.3952
2.2621
2.1222
2.259
1.9937
2.3408
2.579
2.6438
2.5284
2.5108
2.4577
2.4607
2.3906
2.4055
2.5897
2.3137
2.2532
2.1484
2.0366
2.4122
2.3419
2.272
2.3857
2.388
2.3922
2.2696
2.1844
2.3248
2.2787
2.2158
2.2874
2.2314
2.4719
2.5417
2.4004
2.4951
2.5016
2.485
2.5748
2.1476
2.5193
2.4339
2.6673
2.3255
2.2049
2.2521
2.0101
2.2171
2.1793
2.3782
1.9429
1.9356
1.9111
1.9158
2.0362
2.2654
2.4913
2.6201
2.6327
2.839
2.6453
2.8665
2.5903
2.4094
2.3981
2.3169
2.4213
2.2415
2.382
2.1099
2.6721
2.369
2.161
2.1904
2.1271
2.0973
2.0462
1.9367
1.9363
1.8713
1.9419
1.9264
2.1105
2.1898
2.5242
2.1968
2.0919
2.0884
2.2429
2.4193
2.3158
2.2367
2.1944
2.208
2.3984
2.1725
2.2695
2.3191
2.3537
2.5449
2.2392
2.2282
2.5941
2.1784
2.3021
2.2977
2.5579
2.3755
2.4532
2.5276
2.327
2.4585
2.5024
2.3721
2.444
2.5086
2.4697
2.5084
2.6142
2.3736
2.3741
2.5879
2.4097
2.4201
2.2176
2.3166
2.1048
2.202
2.212
2.2565
2.1755
2.3814
2.4199
2.1156
2.3338
2.2137
2.0665
2.2416
2.3265
2.2066
2.3192
2.3305
2.206
2.0946
2.4861
2.1623
2.2111
2.381
2.2673
2.279
2.3247
2.2413
2.2911
2.3052
2.2775
2.1042
2.4368
2.4318
2.6734
2.4822
2.3893
2.3568
2.2194
2.3262
2.4825
2.5474
2.3854
2.4174
2.4444
2.3873
2.5029
2.1741
2.2796
2.4447
2.022
2.1146
2.1701
2.2372
2.1903
2.2125
2.1343
2.1801
2.2537
2.2065
2.4633
2.2088
2.2356
2.3104
2.1885
2.2049
2.1003
2.3204
2.3249
2.0745
2.1626
2.5807
2.373
2.5758
2.5366
2.2628
2.4653
2.3772
2.4755
2.2445
2.3867
2.3401
2.2069
2.4305
2.3841
2.2937
2.4114
2.2847
2.4558
2.413
2.3903
2.2371
2.4583
2.5121
2.3793
2.5301
2.3774
2.4813
2.3578
2.9389
2.2903
2.3494
2.1253
2.1223
2.52
2.5066
2.4023
2.4725
2.6518
2.4703
2.4283
2.5677
2.5244
2.5341
2.2328
2.3584
2.2994
2.4839
2.4723
2.4208
2.2922
2.106
2.4749
2.2839
2.143
2.2066
2.3609
2.298
2.3389
2.3568
2.2213
2.3167
2.1667
2.1799
2.3334
2.4255
2.1992
2.2026
2.175
2.3801
2.1974
2.0236
2.1299
2.2982
2.4768
2.2597
2.3392
2.5023
2.4756
2.5673
2.6234
2.5571
2.3877
2.3299
2.3608
2.3799
2.563
2.3566
2.4358
2.3359
2.3344
2.3987
2.4371
2.4045
2.3663
2.2064
2.6236
2.4661
2.3761
2.3527
2.148
2.4134
2.0701
2.7311
2.3575
2.0225
2.0294
2.0291
2.2413
2.2383
2.3479
2.3259
2.1051
2.5282
2.2017
2.1904
2.0593
2.2783
2.3972
2.1619
2.3941
2.2251
2.2095
2.2174
2.3895
2.5307
2.3654
2.5253
2.5138
2.4811
2.4075
2.4024
2.4533
2.3437
2.3715
2.3443
2.2896
2.6081
2.4749
2.3592
2.5221
2.1703
2.4222
2.3147
2.4226
2.3637
2.5065
2.2855
2.4174
2.5364
2.4801
2.3381
2.4943
2.3889
2.6953
2.2554
2.2921
2.2417
2.3094
2.3241
2.4556
2.2671
2.2295
2.4971
2.5413
2.4489
2.4179
2.4898
2.4966
2.2967
2.4548
2.4119
2.4317
2.3827
2.3382
2.3409
2.4002
2.5048
2.5342
2.7052
2.3598
2.3442
2.3623
2.4182
2.3966
2.206
2.3283
2.4191
2.4924
2.3204
2.2649
2.6104
2.4173
2.5056
2.5758
2.5194
2.1404
2.3383
2.4964
2.486
2.2333
2.3543
2.3795
2.4926
2.0486
2.7466
2.2086
2.0469
2.1991
2.0731
2.0855
2.3321
2.2636
2.0754
2.2456
2.4014
2.2118
2.2944
2.2033
2.3952
2.349
2.2508
2.342
2.1996
2.3428
2.3431
2.21
2.2907
2.3057
2.2209
2.3064
2.4082
2.0733
2.1133
2.3121
2.4581
2.477
2.4672
2.615
2.4708
2.4049
2.4914
2.4591
2.4498
2.2404
2.3529
2.3422
2.4764
2.5439
2.5392
2.435
2.3979
2.2583
2.5914
2.4312
2.078
2.4657
2.2906
2.351
2.2237
2.694
2.6462
2.4024
2.4384
2.4903
2.2767
2.5398
2.2741
2.4715
2.3076
2.4959
2.4507
2.4102
2.3628
2.1876
2.3095
2.4841
2.4574
2.3527
2.4896
2.6236
2.5221
2.5684
2.279
2.3998
2.4496
2.565
2.5032
2.4793
2.3086
2.1625
2.5045
2.3748
2.4156
2.4738
2.201
2.3835
2.4497
2.2344
2.4392
2.2837
2.4637
2.5018
2.2191
2.4027
2.5037
2.077
2.5079
2.4639
2.0331
2.0902
2.0679
2.0782
2.3891
2.2488
2.4289
2.17
2.0838
2.3176
2.425
2.1517
2.0942
2.0755
1.9657
2.3124
