6.95268e-310
6.95268e-310
22.5749
16.979
17.2977
16.0258
14.9239
12.7954
13.7795
14.1811
14.2057
14.5899
13.9388
13.4231
12.7061
13.7238
13.4028
12.8527
12.799
13.9396
12.9338
13.9255
13.5772
12.1926
13.1551
12.6824
13.7279
13.8463
13.6329
13.0309
13.4826
13.127
13.6129
12.7027
12.9249
13.0484
14.0945
11.7805
12.8896
12.7256
12.2511
12.9534
11.5653
13.0322
13.1325
13.0583
12.6956
12.73
13.5802
12.9668
11.6975
13.0938
12.4839
12.7197
11.6231
12.3802
12.0747
12.1815
11.7754
12.4576
12.5577
11.9155
12.5281
13.7957
12.4378
11.712
11.3125
11.3868
11.8121
11.0204
11.4732
11.7212
10.6806
10.4538
11.2912
10.7457
10.6115
10.6662
10.7629
10.3844
11.029
10.5256
10.2518
10.2072
10.1704
10.3271
10.7811
10.1421
10.4175
10.8903
10.2344
10.0827
10.6749
10.186
9.9033
9.9149
10.3099
10.3745
10.5328
9.6503
10.2769
9.9511
10.1131
10.0483
9.8999
10.3828
9.9192
10.1165
9.8537
9.4276
9.0529
9.3295
8.6161
8.8452
8.6547
8.4864
8.5717
8.4993
8.7805
8.3674
8.3707
8.1819
8.449
8.3247
8.5265
8.0127
8.4031
7.687
7.9106
7.6198
7.7874
7.4969
7.8208
7.4428
8.0619
7.8788
7.6839
7.8438
7.757
7.3534
7.318
8.928
7.4678
7.5305
7.4323
7.6977
7.4474
7.9067
7.4404
7.9034
7.3293
7.6859
7.0597
7.2889
7.5605
7.8421
7.4059
7.3245
7.4199
7.2479
7.2298
7.2843
7.1508
7.1093
7.6855
7.1585
7.3241
7.1918
7.5758
7.0489
7.6077
7.0594
7.3076
7.7896
7.3313
7.3534
7.4246
7.0574
7.1128
7.4456
7.3491
7.914
7.354
7.5395
7.323
7.498
7.0991
7.0501
7.2348
7.0814
7.8183
7.0276
7.3709
6.6417
6.8996
6.968
7.1039
7.2152
7.192
7.7724
7.0247
7.0845
6.9535
6.9236
6.9164
7.0799
6.9247
6.6311
7.069
6.5702
6.6172
6.344
6.2893
6.2355
6.2629
6.1222
5.8909
5.8422
6.341
5.6703
5.6854
6.0492
5.5225
5.9671
5.7167
5.7148
5.7529
5.6485
5.6975
6.3404
5.8953
6.1728
5.847
5.8239
5.856
5.6073
5.7122
6.162
5.9449
5.7903
6.4799
5.9927
6.33
6.1313
6.1124
6.6661
5.8573
6.0292
5.9273
5.747
6.2679
5.7106
5.7479
6.0134
5.7491
6.0346
5.8263
5.554
5.6144
5.5688
5.3437
5.9642
5.3099
5.08
5.1993
5.1905
5.02
5.1481
5.0623
5.1939
5.1598
5.0357
5.2399
5.4116
5.356
5.2077
5.0922
4.9242
5.0873
4.9879
5.0225
4.9941
5.0491
4.9116
4.8542
5.0423
5.7644
5.0771
5.2384
5.1377
5.0496
5.1801
5.1565
5.1443
5.0989
5.1143
4.943
5.0663
5.6616
4.9545
4.9901
5.2411
5.0141
5.1247
5.1834
5.148
5.177
5.2351
5.8443
5.6578
6.5428
5.6213
5.6812
6.0283
5.638
5.586
5.8961
5.6054
5.5872
5.8502
5.5084
5.9154
6.1937
5.7913
5.8668
5.8069
5.6295
5.8219
5.7801
5.7655
5.7473
5.8548
6.0559
5.9146
5.6833
6.0611
5.8644
5.6095
5.7727
5.7458
5.5812
5.5305
5.6298
5.5842
6.0512
5.6063
5.7747
5.5741
5.5692
5.5922
5.4487
5.5252
5.4767
5.4418
5.4177
5.8647
5.3892
5.5293
5.3335
5.272
5.3429
5.2442
5.1667
5.3271
5.1361
5.1289
5.1299
5.8145
5.2665
5.2024
5.3437
5.0781
5.0793
5.2801
5.223
5.2084
5.6768
5.2542
5.2322
5.7644
5.1536
5.0358
5.1117
4.9107
4.9524
5.0764
5.1199
5.1886
5.3702
5.1202
5.0405
5.6296
5.3748
5.3581
5.4954
5.6202
5.3766
5.5713
5.4439
5.4912
5.5671
5.7612
5.5467
6.0924
5.9205
5.6289
5.8859
5.7565
5.6257
5.4005
5.561
5.2971
5.3702
5.5084
6.2951
5.6328
5.8676
5.8117
5.9697
6.0143
5.9489
5.8613
5.8658
5.6134
5.8598
6.3215
5.7293
5.8251
5.6685
5.6039
5.931
6.1131
5.7323
6.0445
5.796
5.8184
6.2037
5.7209
6.0063
5.9004
5.9226
6.1691
5.885
5.8204
6.3764
5.6761
5.6375
5.7204
5.5569
5.7474
5.8625
5.7858
6.1027
6.0894
5.8735
6.491
5.767
6.0134
5.8108
5.7527
5.6812
5.5172
5.4829
5.6106
5.5501
5.328
5.9831
5.5837
5.2834
5.2437
5.3216
5.3496
5.5228
5.6689
5.544
5.7487
5.6549
5.9438
7.8429
6.0056
5.8653
5.8424
5.9211
5.7259
5.7434
5.8244
5.7352
6.009
6.1773
5.4285
5.5276
5.4896
5.2806
5.3361
5.3143
5.4083
5.2967
5.3526
5.1156
5.0311
5.6877
5.0819
5.1636
5.3555
5.0854
5.0645
5.306
5.1258
4.8887
5.1957
4.9986
5.0437
5.3527
5.2637
5.4651
5.7596
5.0548
5.0369
5.4671
5.13
4.9225
5.0002
4.9815
4.9422
4.9874
5.0834
4.8557
4.8371
4.96
4.6781
4.6603
5.6781
4.916
4.5628
4.5808
4.4748
4.1531
3.8835
4.0391
3.8092
3.9371
3.7419
3.9685
3.903
4.1113
4.0616
4.8935
4.0566
4.1546
3.9987
4.3568
4.3186
4.5819
4.4732
4.3883
4.3792
4.4987
4.4399
3.9836
4.0867
4.3316
4.8719
4.4228
4.6247
4.9337
4.7303
4.782
4.8882
4.6721
4.6371
4.82
4.862
4.6415
4.5975
5.2864
4.4833
4.305
4.5044
4.3967
4.2547
4.1501
4.5209
4.0596
4.0758
4.299
4.6909
4.4532
4.4761
4.5917
5.1352
4.6242
4.494
4.8946
4.6392
4.7454
4.6835
4.7213
4.5659
4.5339
4.6581
4.8139
4.591
5.2924
4.7844
4.7559
4.7728
4.7809
4.5967
4.7692
4.8296
4.8688
4.7606
4.8246
4.8869
4.8919
5.5775
5.1593
5.3444
5.2053
4.9978
5.1153
5.3269
5.2109
5.3333
5.0395
5.0222
4.9819
4.7859
5.2255
4.8405
4.9866
5.1331
5.0448
5.1174
5.08
4.9315
5.0088
4.9765
4.9487
4.9791
5.1082
5.0342
4.6631
4.8392
4.6972
4.8249
4.8901
4.7748
4.7425
4.703
5.0264
4.7464
4.7823
5.0287
5.3393
4.7276
4.681
4.8071
4.5477
4.2092
4.2468
4.2206
4.1618
4.1984
4.3755
4.2971
4.3083
4.5552
5.2108
4.6331
4.5224
4.766
4.6889
4.5661
4.6238
4.8189
4.5265
4.5806
4.6843
4.6623
4.5507
4.5655
5.213
4.5143
4.5193
4.6899
4.8346
4.6752
5.3096
4.9227
4.771
4.9036
4.7581
4.9382
4.9936
5.7216
5.1834
5.0494
5.4019
5.2137
5.0817
5.2307
5.1124
5.0085
5.134
4.9189
5.164
5.5771
5.1186
5.2172
5.1597
4.93
4.9877
5.0785
4.7858
4.7847
5.2011
4.8014
4.6248
4.7014
5.206
4.7468
4.6344
5.0449
4.5781
4.7388
4.8749
4.7126
4.594
4.9081
4.9486
4.8408
4.8915
5.6061
4.7594
4.8869
5.0886
4.8355
4.6926
4.972
4.9642
4.9635
4.9158
5.1663
4.8026
4.8482
5.3297
4.8227
4.8321
4.8945
5.1157
4.891
5.0751
4.9162
4.8351
4.7315
5.1188
4.7806
4.8594
5.3128
5.0948
4.9573
5.0562
4.8985
4.8007
4.9617
4.9706
4.7252
4.865
4.8957
5.0427
5.0727
5.483
4.8982
4.9063
4.8088
4.8834
4.811
4.7679
4.8207
4.9242
4.7611
4.5569
4.65
4.51
5.0458
4.1314
4.3799
4.426
4.4208
4.2708
4.3476
4.2348
4.3484
4.1016
4.3302
4.1193
4.0345
3.8691
4.0792
4.2169
3.9265
3.8224
4.065
3.9306
3.9622
4.054
4.234
4.214
4.1273
4.0252
4.1653
4.2302
4.0127
3.9206
4.1744
4.5011
4.0249
4.0389
4.064
3.9657
4.0459
3.7175
3.7022
3.7817
3.5687
3.5733
3.5863
3.8159
3.4919
3.6553
3.5545
4.0601
3.6496
3.637
3.6102
3.6311
4.1965
3.7467
3.7583
3.6778
3.789
3.5646
3.4949
3.4181
3.7073
3.6283
3.5754
3.7073
3.6459
4.2816
3.8572
3.7009
3.7543
4.0747
3.9813
3.8538
3.8005
4.175
4.0962
4.0222
4.0061
4.0801
4.1089
3.9853
3.881
4.4846
3.9294
3.9672
3.8509
4.3067
3.9818
3.9803
4.0662
4.1561
4.1429
4.1323
3.9392
3.8925
3.8932
3.9925
4.3222
3.8534
3.8584
3.9786
3.8819
3.7415
3.7606
3.8222
3.6371
3.7415
3.5692
3.7695
3.8707
4.0013
3.8462
3.7933
3.982
4.3054
3.7601
3.6694
3.8831
3.7832
3.7858
3.8539
3.8927
4.0419
3.7023
3.6546
3.6456
3.5652
3.9686
3.533
3.5309
3.4942
5.0227
4.1097
3.7062
3.5205
3.7206
3.4767
3.4666
3.4876
3.641
3.5852
3.535
3.4082
3.618
3.5585
3.3281
3.4477
3.4554
3.7736
3.7542
3.6943
3.6618
3.6188
3.7539
3.7898
3.7874
3.7625
3.9728
3.9235
3.8266
4.0036
4.0961
4.2376
4.0325
4.0358
4.4602
3.8693
3.6738
3.7627
3.7774
3.6888
3.8787
3.7791
3.8198
3.7417
3.7133
3.7469
3.9981
3.7713
4.0135
3.7902
4.2133
4.177
3.9305
3.6865
3.8722
3.7207
3.8682
3.9179
3.7658
3.7619
3.7869
3.8552
3.7833
3.9034
3.7981
3.9329
3.9199
4.2986
3.781
3.6668
3.8142
3.8763
3.7958
3.8325
3.9107
4.0979
4.1633
4.1701
4.233
4.1118
3.9906
3.9037
3.868
4.4552
3.8377
3.8789
3.8736
3.8992
3.8019
3.913
3.7471
3.9195
3.6663
3.6766
3.7675
3.8854
3.7422
3.6977
3.7375
3.865
4.3567
3.8612
3.8354
3.7323
3.9154
3.6287
3.7352
3.6494
3.77
3.3869
3.337
3.3421
3.2511
3.6833
3.334
3.3173
3.3428
3.9095
3.3704
3.2629
3.3554
3.3604
3.6358
3.7416
3.6675
3.6947
3.8888
3.9667
3.7298
3.791
3.7783
3.7504
3.7978
3.5123
3.5397
4.0827
3.6211
3.35
3.272
3.625
3.3799
3.5557
3.455
3.406
3.6848
3.5351
3.546
3.3825
3.3656
3.3385
3.249
3.425
3.2439
3.8308
3.2138
3.273
3.3857
3.2376
3.4135
3.1925
3.2305
3.5322
3.4159
3.6507
3.5783
3.7477
3.8104
4.0984
3.8364
3.8075
3.9341
4.279
3.8776
3.8273
4.1441
4.048
4.0244
3.9108
4.0808
4.0231
3.8649
3.8357
3.9309
4.303
3.8943
3.8738
3.9601
4.4303
3.8979
3.951
4.1038
4.0906
3.9695
3.9573
4.0707
4.163
4.1993
4.1479
4.117
4.3049
3.7982
3.721
3.5533
4.057
3.4509
3.406
3.3274
3.6348
3.5057
3.3295
3.2342
3.4244
3.8002
3.4426
3.3824
3.3283
3.2831
3.5311
3.267
3.2493
3.2086
3.3423
3.3989
3.2558
3.3586
3.2762
3.2907
3.4431
3.2884
3.3032
3.3363
3.3819
3.5457
3.3558
3.4268
3.514
4.098
3.7196
3.4117
3.4559
3.3746
3.4692
3.6118
3.6016
3.3842
3.4538
3.2656
3.4043
3.3163
3.4905
3.4389
3.3944
3.5354
3.4795
4.0385
3.447
3.5015
3.4166
3.3586
3.4364
3.4546
3.7592
3.5417
3.6431
3.4762
3.5175
3.5508
3.6099
3.5627
3.5581
3.7368
3.537
4.1334
3.6243
3.584
3.8077
3.7788
3.7783
3.6522
3.8039
3.709
3.5938
3.7696
3.7613
4.0291
3.4703
3.3075
3.4271
3.332
3.7307
3.1631
3.0961
3.0561
3.2725
3.3894
3.2262
3.1534
3.2152
3.1352
3.4155
3.1924
3.2603
3.2538
3.2432
3.3476
3.307
3.2889
3.3681
3.8445
3.71
3.5533
3.5178
3.5731
3.7338
3.4416
3.4463
3.4194
3.5326
3.4647
3.3117
3.3034
3.2156
3.2794
3.2756
3.165
3.2635
3.1957
3.8048
3.4712
3.3855
3.4185
3.446
3.7481
3.6497
3.5336
3.4225
3.4697
3.3389
3.4244
3.3112
3.3074
3.4863
3.152
3.3143
3.2034
3.2619
3.9156
3.37
3.0811
3.1602
3.3841
3.187
3.2142
3.3798
3.301
3.3257
3.2965
3.1769
3.4044
3.2932
3.4278
3.3409
3.2599
3.3063
3.0815
3.7083
2.9857
2.9781
3.0908
3.0851
3.2317
3.1034
3.1165
3.3057
3.2594
3.4503
3.216
3.1656
3.3429
3.2391
3.1138
2.9447
2.9184
2.9766
3.1304
3.607
3.0664
2.9895
2.9985
3.0584
2.9551
2.6965
2.7029
2.7476
2.7531
3.0107
2.9972
2.8231
2.8786
2.8274
2.9087
3.0325
2.891
2.8872
2.992
2.8943
3.0603
3.5568
2.8788
2.8329
2.8147
2.7493
3.0456
2.9551
2.8988
2.9777
3.0079
3.2359
3.1519
3.0225
3.142
3.1346
3.0857
3.4163
3.1766
3.1203
3.0792
3.0878
3.7254
3.066
3.0522
3.0642
3.0648
3.2114
3.0937
3.2228
3.1388
3.1385
3.3633
3.1801
3.167
3.2048
3.1257
3.3952
3.2574
3.1505
3.2581
3.356
3.699
3.4954
3.39
3.3281
3.4201
3.3893
3.4628
3.447
3.4554
3.4885
3.4231
3.3806
3.3308
3.4807
3.2208
3.4164
3.2099
3.2277
3.6939
3.2655
3.3455
3.3751
3.2877
3.37
3.1827
3.3498
3.255
3.2918
3.4255
3.2446
3.3324
3.2157
3.2011
3.5947
3.2264
3.2755
3.1735
3.742
3.1655
3.1695
3.4063
3.1651
3.2778
3.1499
3.2239
3.2077
3.2507
3.1886
2.9697
2.9291
2.9096
3.0625
3.0228
2.8697
2.848
2.8678
2.9199
3.1694
3.594
2.9692
3.0149
2.9734
3.112
3.1321
2.8937
2.8706
2.8661
2.9297
3.1871
2.9568
2.9533
2.9603
3.033
3.2619
3.069
2.9908
2.9337
3.0802
3.1294
3.8532
3.139
3.1046
2.9558
2.9945
3.2197
2.9946
3.0378
2.9753
2.8533
3.1692
2.9444
2.8997
2.9321
3.0547
3.1708
3.1425
2.9835
2.9638
2.9178
2.7792
3.5098
2.6583
2.6664
2.6691
2.657
2.74
2.7651
2.7417
2.6247
2.6463
2.5898
2.6413
2.4429
2.652
2.4641
2.4911
2.4715
2.5952
2.5794
2.845
2.727
2.7455
2.7849
3.5332
2.872
3.0598
2.7954
2.7701
2.813
2.806
2.6588
2.8094
2.5752
2.5814
2.5357
2.6165
2.477
2.6086
2.4887
2.5043
2.4089
3.4906
2.8788
2.5315
2.589
2.4756
2.4952
3.0574
2.5945
2.4533
2.6461
2.5579
2.6168
2.7855
2.7997
2.8249
2.8526
2.7197
2.9213
3.1504
2.8143
2.7705
2.9394
2.8033
2.8941
2.7572
2.7564
2.6583
2.8159
2.6121
3.0634
2.4705
2.3979
2.3444
2.5136
2.3458
2.4864
2.2951
2.376
2.3496
2.3761
2.6283
2.4015
2.4476
2.3384
2.232
2.2224
2.2641
2.4457
2.3429
2.4793
2.3973
2.5835
2.5439
2.6363
2.6702
3.1648
2.5678
2.4943
2.4335
2.4463
2.5703
2.5555
2.4368
2.4202
2.4251
2.4085
2.3248
2.5978
2.8555
2.4313
2.4143
2.4032
2.3925
2.411
2.6636
2.5514
2.5406
2.559
2.6168
2.6007
3.2967
2.6931
2.702
2.7107
2.7378
2.6883
2.8698
2.7099
2.6653
2.6583
2.6184
2.5296
2.9357
2.5783
2.4775
2.5152
2.5721
2.618
2.7661
2.7743
2.7182
2.7354
2.7001
2.6487
3.3393
2.8213
2.699
2.7768
2.6637
2.6365
2.5533
2.7012
2.5638
2.6177
2.5066
2.7186
2.6687
2.813
2.7556
2.6679
2.6846
2.8076
2.7018
2.9567
2.6756
2.6957
2.7737
3.3762
2.8179
3.0335
2.9141
2.8391
2.8868
2.8103
2.7988
2.8382
2.685
2.6951
2.725
2.785
2.7468
2.9671
2.8926
2.9251
3.0283
2.8791
3.0462
2.8359
2.8588
3.3598
2.7937
2.7462
2.8585
2.6683
2.7179
2.7516
2.6264
2.6457
2.7012
2.4888
2.5345
2.6968
2.5871
2.5935
2.4913
2.6628
2.4454
2.5121
2.5145
2.6203
2.6541
2.7442
2.6113
3.0659
2.5404
2.5713
2.519
2.6204
2.5023
2.5092
2.5384
2.6259
2.5478
2.5071
2.5125
2.4863
2.4202
2.3666
2.3818
2.3781
2.4941
2.6169
2.5693
2.4729
2.5236
2.4959
2.5404
2.6238
3.1338
2.5997
2.4187
2.4058
2.3289
2.3198
2.4334
2.5
2.3398
2.3336
2.4021
2.3497
2.3784
2.5385
2.3865
2.4364
2.5551
2.571
2.6243
2.5882
2.7847
2.6653
2.6241
2.6403
2.5305
2.5963
3.1068
2.6583
2.6783
2.7422
2.7985
2.8823
2.9273
2.8633
2.8034
2.8091
2.7307
2.8065
2.804
2.7738
2.7002
2.6909
2.633
2.6608
2.6877
2.5593
2.613
2.6084
2.5247
2.9663
2.7015
2.4951
2.4253
2.4543
2.4841
2.565
2.4656
2.59
2.4973
2.5105
2.4764
2.6282
2.7512
2.4845
2.344
2.4113
2.2987
2.2967
2.4229
2.3675
2.4593
2.3661
2.3234
2.3473
2.2414
2.8483
2.2762
2.469
2.3749
2.3613
2.3604
2.3338
2.29
2.2489
2.3516
2.2373
2.1968
2.2758
2.3279
2.3122
2.3316
2.2975
2.5454
2.3442
2.3453
2.5195
2.3663
2.2879
2.325
2.3268
2.2579
2.2591
2.7827
2.2235
2.2071
2.2204
2.499
2.2514
2.2314
2.5921
2.2246
2.1808
2.1354
2.2066
2.1692
2.1379
2.2123
2.1279
2.1533
2.183
2.1442
2.1971
2.1672
2.2169
2.1053
2.176
2.1017
2.1298
2.2316
2.1402
2.1406
2.7163
2.0913
2.091
2.1231
2.0784
2.2566
2.0938
2.2937
2.1468
2.0902
2.0937
2.1147
2.0962
2.2091
2.3884
2.094
2.1386
2.0958
2.0924
2.0833
2.1279
2.1721
2.2498
2.1216
2.153
2.138
2.2034
2.1964
2.3537
2.4781
2.0785
1.9925
2.0105
1.9622
1.9781
1.9329
2.0548
2.0235
1.8699
1.9041
1.8435
1.8106
1.8339
1.8146
1.7665
1.9385
1.7839
1.8267
1.811
1.8552
1.8285
1.8211
1.836
1.8178
2.1853
1.8818
1.9182
1.9813
1.9949
1.9696
1.9669
1.8524
2.5377
1.8604
1.8181
1.753
1.8051
1.7346
1.7575
1.6597
1.7047
1.8041
1.8244
1.7132
1.7775
1.9001
1.7885
1.8182
1.7627
1.7703
1.9068
1.8938
1.7384
1.775
1.6887
1.7385
1.7101
1.6715
1.7273
1.8557
1.7981
1.836
1.8641
1.8199
1.8378
1.8181
2.0124
2.3391
2.088
2.0433
2.0084
2.0837
2.0416
2.1054
2.0766
2.7259
2.1283
2.2628
2.1147
2.1251
2.0613
2.0838
2.2662
2.047
2.0533
2.1324
2.0725
2.0581
1.9968
1.9974
2.172
2.034
2.0312
2.2281
2.0299
2.074
2.0553
2.7708
2.1434
2.1276
2.2073
2.0219
2.0644
2.0866
2.1207
2.2088
2.0479
2.1155
2.2477
2.1732
2.1158
2.0823
2.1946
2.0891
2.0717
2.0847
2.1641
2.1042
2.0746
2.104
2.1648
2.1034
2.0678
2.0271
2.1377
2.0495
2.051
2.1863
2.1323
2.1369
2.111
2.1046
2.1813
2.058
2.3272
2.0029
1.9573
1.9845
1.9866
2.0175
2.0905
1.975
2.1049
1.8934
1.9498
1.9992
1.8707
1.7951
1.9178
1.7634
1.6879
1.7353
1.6359
1.5803
1.6237
1.5488
1.6158
1.6035
1.6325
1.6245
1.6853
2.089
1.4815
1.5355
1.4421
1.4693
1.4549
1.5276
1.4446
1.5959
1.4647
1.5944
1.4812
1.518
1.4772
1.5464
1.4712
1.4962
1.4575
1.4852
1.5629
1.5877
1.4548
1.5368
1.5186
1.5248
1.5374
1.5153
1.618
1.6078
1.6188
1.9393
1.6983
1.6977
1.7933
1.7914
1.8355
1.8344
1.8004
1.8605
2.5483
1.9243
2.062
2.0089
1.9424
1.9039
1.9151
2.0345
2.1405
1.9453
1.8462
1.8321
1.795
1.7101
1.6399
1.5751
1.5555
1.5847
1.6755
1.5965
1.5544
1.6104
1.6255
1.6588
1.7657
1.6353
1.7685
1.7409
1.8835
1.7448
1.8157
1.7137
1.7114
1.5675
1.5925
1.5888
2.1975
1.8114
1.6201
1.6476
1.7047
1.6172
1.7025
1.6903
1.6779
1.7481
1.6973
1.7832
1.6394
1.687
1.6696
1.6569
1.6849
1.7032
1.6323
1.728
1.6534
1.7439
1.6686
1.7033
1.6293
1.6762
1.699
1.6264
1.7677
1.7488
1.7957
1.8727
1.7622
1.8015
1.8135
1.8278
1.8008
2.287
1.8729
1.939
1.9245
1.8592
1.8662
1.9397
1.8631
1.8923
1.7751
1.8082
1.9521
1.8346
1.8277
1.8846
1.8591
1.8878
1.951
1.8371
1.7735
1.8364
1.8113
1.8644
1.8342
1.8047
1.8396
1.7801
1.7969
1.8072
1.9698
1.9353
1.9017
2.0014
2.0072
2.5572
2.0368
2.0392
2.0878
2.1311
2.0281
2.0876
2.2448
2.4285
2.0075
2.0165
2.2126
2.1738
2.0779
2.077
2.1696
2.0642
2.1731
2.1316
2.3826
2.2743
2.3576
2.4952
2.4612
2.5994
2.564
2.7079
2.4707
3.2049
2.4659
2.4722
2.4755
2.511
2.4366
2.4341
2.3984
2.2957
2.3051
2.2328
2.3489
2.2188
2.3197
2.1475
2.1997
2.2493
2.2037
2.2048
2.3584
2.3597
2.1201
1.9936
1.982
1.9562
1.956
1.9054
1.932
2.1561
2.2539
1.9103
1.9012
1.9783
1.9746
2.055
2.2224
2.2312
2.0785
2.1116
2.062
2.0838
2.0896
2.0938
2.2781
2.2474
2.0878
2.0968
2.0047
2.0511
1.989
1.9643
2.2325
1.8809
1.9136
1.8191
1.8426
1.6997
1.742
1.6718
1.6565
2.235
1.6639
1.7744
1.7692
1.8161
1.8013
1.756
1.7174
1.9716
1.9405
1.6705
1.6388
1.6681
1.691
1.683
1.7173
1.7277
1.874
1.7191
1.89
1.8029
1.7426
1.832
1.7174
1.7886
1.752
1.8166
1.7324
1.8704
1.743
1.736
1.7404
1.7669
1.875
1.8376
2.2053
1.9118
1.8991
1.7687
1.824
1.8149
1.8058
1.8641
1.8949
2.0083
1.8418
1.9816
1.8031
1.8597
1.8811
1.9398
1.8112
1.9253
1.8024
1.8126
1.892
1.8141
1.7598
1.8388
1.7713
1.7574
1.8339
1.6887
1.7567
1.8343
1.7986
1.7054
1.7231
1.7166
1.7235
2.2602
1.682
1.706
1.8457
1.8023
1.7152
1.6115
1.6572
1.6356
1.7731
1.6335
1.7292
1.6832
1.8917
1.7933
1.8083
1.8775
1.8721
1.9465
1.8925
1.8055
1.8535
1.9059
1.7888
1.7794
1.6823
1.7526
1.8679
1.8043
1.7565
1.7916
1.8981
1.9085
1.896
1.8674
2.239
2.0895
1.8741
1.9086
1.9799
2.1011
1.8885
1.8707
1.91
1.8153
1.8606
1.8033
1.8591
1.8672
2.0152
1.9873
1.9949
2.1623
1.9713
1.854
1.8694
1.8494
1.9408
1.7931
1.7738
1.8622
1.7504
1.7797
1.7797
1.829
1.6859
1.6986
1.8025
1.6366
1.8659
1.66
1.6142
1.7151
1.7365
1.7844
1.7374
1.8821
1.7497
1.8855
1.9489
1.7061
1.7334
1.7829
1.7946
1.7343
1.7464
1.9027
1.9534
1.8355
1.8737
1.8438
1.872
1.9232
1.9043
2.0363
1.8628
1.9448
1.8463
1.828
1.739
1.7508
1.6928
1.7375
1.7105
1.9557
1.6881
1.6863
1.6042
1.5764
1.6097
1.6644
1.6231
1.6784
1.8303
2.7132
2.1435
2.3347
2.1037
1.8414
1.8677
1.9025
1.8818
1.8501
1.8277
1.8052
1.8203
1.7654
1.7077
1.9433
1.7832
2.0942
1.9127
2.0109
1.836
1.8297
1.7934
1.7092
1.6519
1.623
1.6586
2.0091
1.6696
1.7163
1.5908
1.7206
1.6613
1.67
1.7312
2.083
2.0911
1.6911
1.6791
1.6156
1.6982
1.709
1.6663
1.6347
1.6668
1.6657
1.7714
1.656
1.5884
1.6331
1.5979
1.5593
1.6417
1.6033
1.8274
1.6325
1.711
1.5711
1.6358
1.5625
1.5917
1.5691
1.5001
1.5504
1.5772
1.5102
1.602
1.6582
1.6177
1.488
1.5911
1.5159
1.5053
1.4627
1.6859
1.8837
1.547
1.7109
1.4555
1.4832
1.4363
1.4214
1.4114
1.4741
1.4692
1.6213
1.5795
1.7233
1.8884
1.6279
1.6415
1.5986
1.5956
1.6065
1.8756
1.7609
1.7462
1.6955
1.819
1.6655
1.6535
1.6737
1.7037
1.6375
2.1309
1.7013
1.7299
1.8009
1.6477
1.6373
1.6641
1.5792
2.2379
1.5772
1.5735
1.5631
1.6114
1.7775
1.5871
1.6632
1.6802
1.6238
1.7408
1.6707
1.6514
1.7144
1.7536
1.8306
1.8026
1.7254
1.6862
2.0048
1.801
1.8741
1.7847
1.7772
1.7704
1.7171
1.7282
1.7456
1.802
1.7271
1.7197
1.7669
1.7589
1.688
1.7965
1.6705
1.7088
2.2827
1.6827
1.6251
1.6664
1.6811
1.6442
1.8033
1.7064
1.7018
1.8931
1.7205
1.7805
1.7607
1.7663
1.7047
1.701
1.7526
1.6578
1.9143
1.7022
1.7286
1.6368
1.6979
1.6941
1.6039
1.6267
1.7067
1.6381
1.8531
1.7186
1.682
1.7305
1.734
1.7623
1.6908
1.9079
1.7022
2.2312
1.7267
1.6504
1.6793
1.605
1.6508
1.5821
1.6965
1.8229
1.7682
1.6754
1.6908
1.7327
1.7739
1.786
1.843
1.8029
1.9159
1.8248
1.727
1.6876
1.7672
1.8078
1.8636
1.939
1.9065
2.0619
1.8588
1.9111
1.8813
1.8399
1.8134
1.8763
1.8732
1.8899
2.382
1.908
1.8442
1.9281
1.8703
1.8137
1.8483
1.7997
1.9078
1.9101
1.8262
1.8729
1.8186
1.8816
1.8412
1.8441
1.8536
1.8436
1.8794
1.6941
1.7304
1.7073
1.7428
1.7517
1.7682
1.818
1.8546
2.0244
1.7413
1.784
1.7725
1.7544
1.7766
1.6799
1.6935
2.1978
1.7077
1.7538
1.6229
1.6529
1.6481
1.5999
1.6561
1.5651
1.6426
1.5383
1.4096
1.4981
1.4859
1.4165
1.4588
1.4159
1.4496
1.3963
1.4679
1.5137
1.512
1.478
1.6157
1.4343
1.4637
1.4015
1.4331
1.4105
1.3658
1.3894
1.4842
1.409
1.4229
1.4644
1.615
1.458
1.433
1.4882
1.5402
1.3992
1.5196
2.0742
1.4958
1.5252
1.619
1.6207
1.6582
1.6514
1.6207
1.6318
1.726
1.53
1.5866
1.5626
1.6575
1.7108
1.5597
1.6258
1.5869
1.6042
1.6727
1.623
1.5902
1.5591
1.6423
1.7796
1.6267
1.5914
1.5913
1.593
1.6858
1.6832
1.6427
1.625
1.6574
1.7081
1.7088
1.7438
1.6942
1.7096
2.3222
1.6932
1.6092
1.6484
1.7265
1.8925
1.8094
1.8146
1.8782
1.8135
1.7353
1.6881
1.7096
1.7213
1.8515
1.726
1.7201
1.7275
1.915
1.7424
1.713
1.7065
1.6566
1.7973
1.7414
1.6727
1.6592
1.8032
1.6264
1.5775
1.6847
1.5504
1.5409
1.6065
1.6973
1.6651
1.5476
2.1491
1.5245
1.5876
1.51
1.518
1.411
1.3818
1.4496
1.3423
1.3733
1.4357
1.3789
1.4059
1.3616
1.4603
1.3946
1.5369
1.4674
1.5287
1.5771
1.4866
1.762
1.3658
1.3771
1.4262
1.3992
1.4
1.3937
1.3598
1.4464
1.5625
1.4423
1.5224
1.4963
1.4561
1.4932
1.4997
1.5363
1.4923
1.5436
1.4909
1.6619
1.7105
2.0144
1.5741
1.6226
1.624
1.5788
1.6212
1.6373
1.6584
1.7806
1.8051
1.5892
1.5674
1.4905
1.5025
1.4548
1.4777
1.4789
1.6475
1.5463
1.773
1.5588
1.5277
1.5249
1.513
1.5246
1.5746
1.5279
1.4983
1.4911
1.6029
1.5848
1.5094
1.4636
1.524
1.5279
1.6149
1.5303
1.5627
1.521
1.5884
2.1858
1.5759
1.6425
1.6029
1.6262
1.6059
1.7068
1.69
1.7582
1.8171
1.8591
1.7579
1.7916
1.7389
1.7027
1.7509
1.7004
1.6256
1.743
1.6505
1.6339
1.5871
1.5522
1.5174
1.5477
1.5242
1.5672
1.5672
1.7197
1.59
1.7127
1.6388
1.7028
1.6943
1.7788
1.6967
1.7611
1.6862
2.3145
2.0527
1.7751
1.8136
1.7605
1.7338
1.7421
1.7135
1.8321
1.7401
1.6784
1.7583
1.6721
1.6179
1.5462
1.6156
1.503
1.583
2.1997
2.2494
1.6352
1.5243
1.5275
1.4402
1.4089
1.3982
1.4491
1.3993
1.485
1.3818
1.3993
1.4326
1.5708
1.456
1.4148
1.4096
1.3718
1.3434
1.4008
1.8614
1.3276
1.3538
1.3676
1.4988
1.4122
1.4227
1.5001
1.4601
1.4363
1.3786
1.4629
1.4462
1.4509
1.4921
1.5419
1.6512
1.5728
1.5135
1.5466
1.5602
1.7578
1.4794
1.5392
1.4553
1.5474
1.6456
1.5734
1.6842
1.6158
1.5873
1.8227
1.5559
1.474
1.4419
1.4994
1.4653
1.6554
1.5529
1.5031
1.5317
1.4213
1.9708
1.3216
1.3527
1.3343
1.3664
1.4052
1.5127
1.4443
1.3758
1.372
1.3532
1.5613
1.3269
1.2849
1.3381
1.3817
1.3667
1.435
1.5531
1.4986
1.52
1.4896
1.5352
1.4992
1.4298
1.486
1.49
1.4988
1.4643
1.6186
1.4662
1.5057
1.5883
1.5538
1.5195
1.5137
1.41
1.4628
1.3966
1.4449
1.5514
1.4993
1.4448
2.0113
1.4703
1.4604
1.5664
1.4807
1.7164
1.5913
1.5135
1.6359
1.4812
2.1262
1.5191
1.4146
1.4757
1.4393
1.5299
1.4842
1.6097
1.6193
1.6873
1.7202
1.5816
1.7317
1.7534
1.7755
1.7465
1.7214
1.7424
1.93
1.9336
1.6607
1.7164
1.6385
1.5681
1.6235
1.6142
1.6279
1.671
2.0308
2.0024
1.7296
1.6551
1.7252
1.7089
1.7179
1.6643
1.7161
1.9529
1.8554
1.8723
2.0286
1.9318
1.9635
1.8571
1.8523
1.7685
1.9446
1.6405
1.6982
1.7204
1.6596
1.5849
1.608
1.5899
1.5638
1.7596
1.7003
1.5
1.5186
1.4936
1.5318
1.5952
1.5781
1.547
1.5873
1.7003
2.15
1.6115
1.6505
1.6649
1.6515
1.7187
1.6739
1.7189
1.6741
1.8884
1.7646
1.6333
1.6288
1.6495
1.6167
1.6263
1.6881
1.7277
2.203
1.8043
1.8746
1.7607
1.7788
1.7312
1.6868
1.7063
1.7036
1.92
1.794
1.9112
1.8451
1.8273
1.8147
1.8009
1.6889
1.6596
2.1578
1.6708
1.804
1.6744
1.6907
1.7068
1.7064
1.7523
1.7817
1.8687
1.7933
1.8107
2.0282
1.9122
2.0064
2.0475
2.2429
2.1508
2.2094
2.1706
2.3493
2.1177
2.1527
2.0733
2.1111
2.0048
1.8686
1.8601
1.8843
1.8492
1.7055
1.7504
1.7209
2.1234
1.7144
1.6753
1.6709
1.8644
1.754
1.7689
1.7964
1.858
1.8532
1.7964
1.8157
1.8032
2.0589
1.8698
1.8866
1.7964
1.8709
1.891
1.901
1.9134
1.8863
1.9392
1.7874
1.8084
1.717
1.813
1.5364
1.5682
1.5687
1.6258
1.6197
1.7801
1.6563
1.6151
1.5846
2.1267
1.7045
1.7842
1.8594
1.7675
1.9122
1.8078
1.7855
2.039
1.8706
1.9485
2.0395
2.1389
2.0562
2.1497
2.0896
2.3271
2.1833
2.2356
2.2504
2.1937
2.3589
2.2677
2.333
2.162
2.0833
2.1324
2.1611
2.1393
2.2844
2.209
2.3981
2.1305
2.2106
2.1608
2.0801
2.0478
2.1844
2.1252
2.1152
2.072
2.1021
2.0391
1.9604
1.9332
2.1306
1.9453
1.8634
1.8925
1.8725
1.8967
2.0273
2.0982
2.204
2.2064
2.0545
1.993
1.9731
2.0023
1.8895
1.783
1.8266
2.2931
1.6584
1.7587
1.7074
1.6663
1.6608
1.6697
1.5904
1.6472
1.8284
1.5819
1.607
1.6037
1.5812
1.6381
1.6601
1.6464
1.6441
1.6011
1.9081
1.6219
1.5747
1.6389
1.5874
1.5898
1.5921
1.5151
1.6027
1.7611
1.5967
1.5298
1.5029
1.5318
1.4096
1.3998
1.3849
1.4159
1.4368
1.437
1.9555
1.6047
1.587
1.457
1.5501
1.5462
1.5971
1.5734
1.5938
1.612
1.73
1.5937
1.7326
1.4813
1.5047
1.4614
1.4572
1.4537
1.482
1.4763
1.5989
1.564
1.587
1.6935
1.5091
1.5211
1.5817
1.6094
1.5461
1.5028
1.522
1.5655
1.5416
1.6507
1.7314
1.5723
1.6521
1.5898
1.5876
1.6536
1.6273
2.128
1.6574
1.8641
1.6531
1.75
1.6482
1.6797
1.6992
1.7119
1.8033
1.773
1.7576
1.9165
1.7281
1.7958
1.7359
1.733
1.6836
2.1043
1.7573
1.777
1.8508
1.7535
1.6634
1.7606
1.7347
1.615
1.6832
1.5873
1.588
1.6713
1.8564
1.7821
1.6526
1.6787
1.7114
2.3139
1.6776
1.6893
1.6879
1.7508
1.8013
1.7466
1.8129
1.8996
2.5064
2.1043
2.0377
2.0672
2.2358
2.077
2.0565
2.1185
1.9277
1.9451
1.8604
1.9008
2.0043
1.857
1.7855
1.9015
1.8219
1.8485
1.9317
1.9381
1.8791
1.9493
1.7422
1.6821
2.3244
1.6464
1.8312
1.7981
1.9541
1.929
2.1487
1.9344
2.1282
2.091
2.1159
2.1117
2.1728
2.2185
2.2291
2.2136
2.4101
2.1259
2.0867
2.2132
2.1282
2.2861
2.1974
2.4391
2.3605
2.4093
2.3122
2.3178
2.4139
2.3213
2.8849
2.424
2.334
2.3451
2.4492
2.5113
2.5218
2.4141
2.5208
2.627
2.5167
2.5676
2.7782
2.5452
2.4575
2.5587
2.3892
2.3934
2.5198
2.4861
2.4342
2.3834
2.4107
2.3193
2.3464
2.3277
2.1356
2.1436
2.3042
2.3179
2.2302
2.2907
2.3163
2.3889
2.3851
2.3971
2.3517
2.3624
2.2502
2.9132
2.4137
2.4014
2.3649
2.2864
2.3222
2.2752
2.3447
2.4712
2.2982
2.237
2.2865
2.2797
2.3437
2.4889
2.5298
2.526
2.4701
2.4957
2.468
2.6789
2.6495
2.5556
2.5444
2.5631
2.5394
3.1294
2.5628
2.6847
2.5667
2.6149
2.7344
2.8416
2.6439
2.7512
2.6107
2.5894
2.4025
2.4073
2.2515
2.209
2.3075
2.2174
2.2008
2.2569
2.4828
2.3338
2.3609
2.5228
2.3879
2.3837
2.3188
3.5319
2.9348
2.7341
2.5695
2.5734
2.7077
2.6334
2.5209
2.5339
2.2852
2.3056
2.3442
2.7806
2.3429
2.434
2.5463
2.4465
2.4859
2.611
2.6276
2.8124
2.6426
2.7149
2.5637
3.0689
2.498
2.5471
2.4796
2.6369
2.5539
2.6079
2.5592
2.4631
2.4992
2.5559
2.6306
2.4415
2.6339
2.5599
2.5636
2.5506
2.6745
2.5748
2.7608
2.5226
2.6512
2.6034
2.7115
2.5603
3.1626
2.5417
2.5966
2.6215
2.6493
2.6467
2.5554
2.5309
2.5424
2.6062
2.7058
2.7652
2.9734
2.5289
2.5217
2.5453
2.6144
2.7561
2.7174
2.7416
2.7477
2.7753
2.7129
2.823
3.1289
2.6716
2.6246
2.5593
2.6475
2.8438
3.9739
2.574
2.6012
2.5968
2.5733
2.851
2.7786
2.8943
2.8166
2.852
2.8405
3.1412
2.8212
2.9238
2.9289
2.8669
3.4589
2.7733
2.817
2.7584
2.8739
2.9345
2.9545
2.7674
2.8072
2.8342
2.8167
3.0168
3.0728
2.9923
3.0585
2.9801
2.9313
2.8161
2.9053
2.7903
2.8142
2.9315
3.7035
3.1185
2.9962
2.8962
2.9766
2.9873
3.0511
3.2089
3.07
3.0112
3.1667
2.9504
3.0788
3.0393
2.9279
3.1369
2.9883
2.9219
3.0091
2.8728
2.8318
3.4115
2.8523
3.0082
2.8067
2.883
2.9637
2.8066
2.7628
2.9566
2.7672
2.7046
2.8702
2.87
2.8669
2.9339
2.8739
2.9346
2.8888
2.9122
2.8629
3.0581
3.0824
3.268
2.868
2.8409
3.044
2.9005
3.1477
3.0678
2.9741
3.0173
3.1766
3.1455
3.0814
3.0381
3.1145
3.2767
3.1524
3.0426
3.1614
3.3076
3.4009
3.7817
3.1894
3.2358
3.1605
3.3988
3.2954
3.2928
3.2587
3.237
3.3091
3.1453
2.9616
3.0958
3.2534
3.1234
3.4539
3.1314
3.2386
3.1533
3.1929
3.5783
3.266
3.3188
3.1757
3.316
3.188
3.1296
3.0988
3.1013
3.1053
3.2093
2.9728
3.0433
2.9842
3.1791
3.355
3.2196
3.1501
3.0405
2.9785
3.7595
3.2168
3.0272
2.931
2.8802
3.1248
3.0293
3.0361
3.0493
3.1144
3.2617
2.9967
3.0219
2.9559
2.98
3.136
3.0292
2.9653
2.8361
2.8408
2.8068
3.3394
2.714
2.8681
2.6644
2.7271
2.9141
2.7778
2.8002
2.9869
2.8274
2.8493
2.9834
2.8772
2.9651
2.9467
2.9473
3.0147
2.8378
2.712
2.7225
2.5854
2.5719
3.1476
2.5991
2.7307
2.8538
2.8163
2.8208
3.0729
2.7271
2.8051
2.91
2.7754
2.757
2.7233
2.7103
2.821
3.0047
3.0521
3.0303
2.9874
2.979
2.9229
3.0533
3.2557
3.1661
3.0773
2.993
3.0642
3.0789
2.9978
2.9466
3.017
2.9589
3.0756
3.0402
2.8578
2.8819
3.1233
3.241
2.9893
3.0287
2.951
3.0734
3.1358
3.8772
3.2537
3.1457
3.1485
3.0595
3.3096
3.1845
3.0874
3.0936
3.1673
3.3815
3.2124
3.1821
3.1773
3.3101
3.3377
3.3086
3.2311
3.1979
3.0941
3.3681
3.1973
3.1805
3.2598
3.1748
3.9638
3.3558
3.3722
3.3431
3.4678
3.3951
3.3228
3.2778
3.433
3.7619
3.6509
3.5514
3.4248
3.5207
3.4527
3.3482
3.2212
3.159
3.6854
3.0969
3.189
3.0813
2.9307
3.1191
2.9708
3.0773
2.9615
3.0522
3.099
3.0031
2.9516
2.9599
2.8865
2.8317
2.8528
2.7174
2.6394
2.682
2.6182
2.5847
2.7184
2.6686
2.6577
2.9556
2.8581
2.9358
2.9
2.9031
3.0415
3.1868
3.051
3.5155
3.1602
3.2286
3.3835
3.2225
3.5311
3.2999
3.4285
3.423
3.8113
3.342
3.3501
3.5727
3.4361
3.5841
3.4218
3.3921
3.4877
3.5921
3.5362
3.1597
3.1258
3.2448
3.1085
3.0527
2.9866
3.0273
2.9467
3.1859
3.1418
3.1096
3.1573
3.0317
3.0838
3.1221
2.8139
2.8076
2.7487
2.8502
3.4963
2.8565
2.9121
2.9118
2.8225
3.1513
2.8416
2.8476
2.971
2.7827
2.8977
3.0973
3.0682
3.1009
3.2685
3.1726
3.2479
3.1296
3.1881
3.236
3.2608
3.9836
3.2726
3.2011
3.2662
3.1516
3.2918
3.0715
3.0767
3.1132
3.0922
3.3195
3.186
3.2122
3.2404
3.3732
3.4478
3.6146
3.3887
3.3329
3.7432
3.3447
3.1526
3.0218
3.0178
3.1168
2.9731
3.1753
3.0448
3.0896
3.1617
3.2184
3.2747
3.1557
3.1399
3.3678
3.0467
3.0976
3.0911
3.0306
3.0468
3.6065
2.9516
3.1946
3.0692
3.1238
3.3672
3.2186
3.3475
3.1539
3.3079
3.2884
3.2961
3.4703
3.2786
3.5769
3.5462
3.6197
3.6566
3.4829
3.9162
3.3073
3.3622
3.2431
3.2569
3.16
3.1922
3.1767
3.3533
3.3919
3.0941
3.2504
3.2175
3.3377
3.1994
3.0411
2.9957
2.9968
3.0513
3.0494
4.1105
2.7902
2.7384
2.8741
2.8407
2.9083
2.9102
2.908
3.0932
3.2249
3.3246
3.128
3.0879
3.0316
3.0611
3.215
2.9805
2.8638
2.7352
2.7328
2.9274
3.4564
2.8665
2.7046
2.7488
2.752
3.2503
2.7126
2.7771
2.7853
2.8156
2.7395
2.9414
2.6285
2.6296
2.6279
2.5885
2.4997
2.9891
2.5625
2.4247
2.4817
2.3864
2.437
2.9957
2.5175
2.3828
2.5271
2.5457
2.6295
2.7239
2.7085
2.663
2.6595
2.6283
2.5544
2.5709
2.5097
2.4196
2.4343
2.5165
2.5251
2.7705
2.6452
2.7007
2.6465
2.5527
2.6105
2.5726
3.2733
2.588
2.5666
2.5232
2.6453
2.7852
2.7067
2.7832
2.8445
2.6704
2.7345
3.104
2.7972
2.8973
2.8544
2.945
2.9088
3.1693
2.8672
3.0514
2.9224
2.8376
3.3966
2.8156
2.8732
2.7422
2.8138
2.8441
2.8101
2.9064
2.9971
2.9418
2.9397
3.0593
3.1217
3.1833
3.3522
3.2456
3.29
3.1746
3.2758
3.3736
3.3338
3.7864
3.0916
2.9818
3.1256
2.9951
3.0335
2.9473
3.0064
3.2285
3.0612
3.1509
3.0759
3.0889
3.2583
3.2713
3.1858
3.1504
3.0576
3.0392
3.164
3.5561
2.9691
2.8707
2.8419
2.8289
2.8575
2.8201
2.7441
2.8544
2.8575
3.033
2.9154
2.8127
2.704
2.6236
2.5177
2.6279
3.6267
3.0564
2.6269
2.5526
2.6472
2.7265
3.1805
2.5464
2.518
2.5276
2.5909
2.6753
2.4916
2.4926
2.3838
2.4292
2.4535
2.3921
2.7001
2.4661
2.6205
2.6132
2.5079
2.4466
2.5155
2.5205
2.4149
2.4773
2.4225
2.399
2.5112
3.2607
2.5509
2.5376
2.5941
2.708
2.4801
2.542
2.5838
2.4309
2.2982
2.2223
2.363
2.3876
2.292
2.4383
2.2714
2.2023
2.1678
2.1864
2.253
2.1669
2.3027
2.2459
2.2142
2.3053
2.2238
2.2429
2.597
2.091
2.2355
2.132
2.1818
2.23
2.172
2.5554
2.1254
2.2596
2.1712
2.1193
2.1773
2.1481
2.221
2.1858
2.2498
2.3366
2.1331
2.1346
2.0896
2.2742
2.2271
2.2348
2.3377
2.3709
2.2329
2.2251
2.8646
2.1964
2.1661
2.3647
2.182
2.099
2.1418
2.3709
2.0956
2.09
2.1105
2.1394
1.9998
1.988
1.9412
2.0256
1.883
1.8725
1.8382
1.7733
1.9861
1.8771
1.8671
1.9749
1.9905
2.0184
1.8707
1.9468
2.0781
2.0329
1.927
2.3313
1.9466
1.8592
1.8607
1.8096
1.749
1.781
1.6964
1.6806
1.7705
1.6254
1.6786
1.7467
1.7177
1.9069
1.8806
1.8372
1.878
2.0181
1.898
1.9042
1.8611
1.8118
1.809
2.0806
1.8298
1.9958
1.9078
1.962
1.9215
1.868
1.8176
1.8653
2.0316
2.0547
2.3332
1.8853
1.8121
1.7351
1.7489
1.7644
1.7616
1.8826
1.8683
1.7919
1.8095
1.8001
1.8079
1.8446
1.9833
2.0171
2.2683
1.9993
2.0882
2.0774
2.1433
2.091
2.0695
2.1209
2.1767
2.1206
2.1581
2.1456
2.0888
2.1309
2.1629
2.5706
2.444
2.2559
2.2175
2.2452
2.1713
2.1484
2.1333
2.1638
1.9784
2.0508
2.0688
2.127
2.0933
2.107
2.4792
2.1006
2.0892
2.0992
2.1596
2.2213
2.1571
2.2862
2.2276
2.032
2.041
2.0114
1.8963
2.0423
2.0577
2.874
2.2792
2.1689
2.1457
2.1986
2.1383
2.2044
2.3139
2.4223
2.3678
2.3654
2.4251
2.4433
2.4099
2.4366
2.3921
2.3661
2.289
2.2467
2.2305
2.3947
2.3093
2.4723
2.41
2.3599
2.3778
2.3794
2.942
2.3363
2.5792
2.3571
2.4544
2.4682
2.3964
2.3293
2.2681
2.4544
2.3362
2.4192
2.5114
2.6412
2.5564
2.5601
2.8403
2.5789
2.6267
2.7739
2.7183
2.7359
2.9832
2.7958
2.7262
3.2629
2.5865
2.5462
2.6607
2.4804
2.5772
2.5456
2.5198
2.4534
2.6063
2.4772
2.4878
2.5579
2.528
2.451
2.5488
2.6383
2.4318
2.3891
2.6023
2.4946
2.6077
2.5623
2.6422
2.6101
3.1343
2.5954
2.4915
2.4698
2.5212
2.4966
2.5808
2.5818
2.479
2.5655
2.6427
2.5131
2.6965
2.5929
2.6887
2.6647
2.6242
2.7859
2.8243
2.7875
2.7487
2.6843
2.6944
2.8402
3.1737
2.742
2.6608
2.7544
2.7256
2.9154
2.6813
2.6483
2.6582
2.727
2.6832
2.9333
2.761
2.761
2.6276
2.6271
2.6901
2.8487
2.5922
2.6435
2.6684
2.7172
2.7645
3.2923
2.7928
2.6924
2.6839
2.6527
2.6632
2.7986
2.5539
2.594
2.5795
2.6283
2.5502
2.7576
2.4632
2.2777
2.2789
2.2261
2.2467
2.2248
2.2699
2.3747
2.2801
2.2974
2.328
2.2808
2.2455
2.967
2.5049
2.4495
2.4926
2.5033
2.5415
2.6882
2.7429
2.6527
2.5752
2.5281
2.4963
2.6298
2.4877
2.6327
2.5096
2.6007
2.6304
2.7458
2.5484
2.6419
2.5367
2.5217
2.5717
3.1353
2.6576
2.627
2.4784
2.3922
2.3447
2.4354
2.8433
2.2818
2.3145
2.1633
2.2452
2.1905
2.3399
2.2172
2.3768
2.3665
2.3892
2.3442
2.3651
2.4308
2.3338
2.3043
2.5151
2.2896
2.3019
2.2772
2.8128
2.2536
2.2532
2.3638
2.2611
2.2351
2.3457
2.4063
2.2332
2.1951
2.1189
2.3114
2.1499
2.1794
2.4246
2.351
2.3994
2.3806
2.3305
2.1386
2.1336
2.3125
2.1826
2.1671
2.1649
2.1409
2.1442
2.1244
2.6793
2.1246
2.0651
2.0813
1.9983
2.1459
2.0652
2.3454
2.1845
2.2774
2.2953
2.3311
2.3041
2.452
2.307
2.23
2.2309
2.1618
2.1024
2.1715
2.2255
2.0548
2.1458
2.1255
2.1016
2.1155
2.0223
1.9149
2.0444
2.2113
2.1845
2.0014
2.0405
2.0507
2.1058
2.1073
2.368
2.3315
2.1897
2.0474
2.0872
2.0879
2.1699
2.1622
2.3556
2.223
2.1917
2.2094
2.1633
2.1458
2.1958
2.6766
2.2977
2.3894
2.3747
2.3721
2.3552
2.3911
2.9576
2.2291
2.2113
2.1918
2.1154
2.1134
2.1132
2.5893
2.1102
2.1416
2.244
2.216
2.2348
2.2047
2.3648
2.3549
2.3484
2.3843
2.4112
2.4268
2.3694
2.5959
2.54
2.5805
2.4896
2.4622
2.4035
2.9409
2.5357
2.3934
2.4224
2.444
2.3971
2.54
2.4823
2.5378
2.4189
2.4184
2.3668
2.2978
2.5916
2.3744
2.4658
2.2854
2.3245
2.3246
2.215
2.2902
2.267
2.4557
2.3179
2.4137
2.4353
2.6423
2.8569
2.4862
2.6757
2.4721
2.4546
2.3347
2.4107
2.3086
2.3302
2.3173
2.2463
2.4222
2.4751
2.362
2.4309
2.5391
2.4688
2.3441
2.4313
2.518
2.4163
2.4381
2.5035
2.3693
2.2241
2.2004
2.8665
2.2631
2.248
2.3181
2.1891
2.2543
2.3674
2.2157
2.1743
2.2669
2.3029
2.4605
2.2941
2.4199
2.3242
2.4467
2.3727
2.5749
2.5745
2.529
2.822
2.3634
2.4389
2.4645
2.5136
2.4632
3.0142
2.4936
2.4785
2.3781
2.3578
2.4693
2.6047
2.5632
2.5277
2.5563
2.5385
2.6262
2.4727
2.5866
2.3374
2.3366
2.3456
2.3598
2.3461
2.3992
2.304
2.2003
2.2806
2.356
2.3861
2.507
3.0509
2.3885
2.4387
2.3596
2.3446
2.3958
2.5582
2.4976
2.3422
2.3883
2.3463
2.3523
2.374
2.6672
2.3362
2.2301
2.2404
2.3929
2.2921
2.2659
2.5282
2.2786
2.3005
2.2944
2.2551
2.2095
2.2282
2.7074
2.2028
2.177
2.1969
2.1141
2.1405
2.2238
2.3016
2.3758
2.1949
2.1865
2.1398
2.1882
2.1196
2.2898
2.2859
2.2221
2.1691
2.1747
2.1349
2.1317
2.1372
2.4435
2.2893
2.171
2.214
2.2029
2.277
2.2447
2.7436
2.3907
2.2983
2.2179
2.1386
2.0749
2.1262
2.3027
2.2304
2.2558
2.2361
2.2344
2.2079
2.1646
2.2226
2.1519
2.2884
2.1409
2.156
2.1602
2.1631
2.617
2.1554
2.1848
2.1849
2.2539
2.1664
2.2715
2.8764
2.1904
2.2105
2.2316
2.1471
2.1776
2.1922
2.4134
2.2525
2.2479
2.3315
2.3003
2.2572
2.403
2.3711
2.2581
2.2854
2.4288
2.288
2.2862
2.3673
2.3442
2.2413
2.229
2.3099
2.3413
2.3034
2.2597
2.8155
2.2138
2.2325
2.1812
2.3496
2.236
2.2189
2.6175
2.1542
2.1342
2.1094
2.1471
2.0489
2.0048
2.2424
1.9873
2.1043
2.1461
2.1915
2.2095
2.0322
2.024
2.1354
2.0593
2.0743
2.0043
1.9761
2.1174
2.0311
2.1203
2.0543
2.0026
1.8988
1.87
1.8389
1.9013
1.8741
1.8076
2.4506
1.8003
1.8578
1.9093
1.8736
1.8935
2.0344
1.8404
1.86
1.734
1.6932
1.7424
1.7272
1.738
1.7564
1.8292
1.8404
1.8178
1.7536
1.7352
1.704
1.709
1.7365
1.7506
1.8118
1.9006
1.9844
1.8521
1.848
1.808
1.8595
1.8624
1.8635
1.8756
2.3501
2.2061
1.9625
1.9269
1.8803
2.0275
2.0245
2.0663
2.255
1.9735
2.0578
1.9716
2.03
1.9888
1.9739
2.0796
2.0708
2.0954
2.0355
2.1169
2.0743
2.1015
2.0876
2.3183
2.3137
2.3798
2.1944
2.1767
2.0933
2.2201
2.7638
2.2255
2.0888
2.0888
2.1098
2.0993
2.0833
2.1363
2.3657
2.2733
2.0173
2.085
2.1118
2.0597
2.0264
2.1168
2.0908
2.2239
2.0661
2.0869
2.0173
2.1011
2.0045
2.206
2.0642
2.1899
2.072
2.0805
2.0691
2.0012
2.6911
2.6691
2.7264
2.3196
2.189
2.0736
2.1073
2.4591
2.0882
2.053
2.1639
1.9751
1.9677
1.8972
1.763
1.8749
1.8694
1.9435
2.089
2.0663
2.0859
2.1804
2.2935
2.1693
2.1993
2.2111
2.3681
2.2384
2.1665
2.1
2.6028
2.0381
2.0395
2.2194
2.0762
2.048
2.1704
2.1808
2.1201
2.1546
2.131
2.1345
2.0912
2.0144
2.0315
2.2255
2.0608
2.0767
2.0844
2.2134
2.035
2.0857
2.0836
2.0761
2.0642
2.0307
2.0085
2.1213
2.0741
2.0629
2.6552
2.2363
2.0775
2.1073
2.1292
2.2552
2.1911
2.5645
2.2422
2.3107
2.2553
2.2414
2.4106
2.2199
2.3106
2.1381
2.2966
2.2362
2.352
2.4396
2.3583
2.334
2.3164
2.2943
2.1776
2.0692
2.0305
2.1048
2.7839
2.1316
2.0233
2.0802
2.1096
2.1012
2.1947
2.2823
2.0906
2.0475
2.0016
1.9157
1.992
1.9321
1.8769
2.2287
2.0454
2.0103
2.0204
1.9848
2.2438
2.142
2.1876
2.243
2.0765
2.0831
2.0507
2.0254
1.9543
1.9592
1.9509
2.6006
2.037
2.0373
2.0518
2.11
2.1785
2.1406
2.2199
2.0352
2.0379
2.0447
2.0561
2.0741
2.068
2.0893
2.8144
2.1424
2.0794
2.0375
2.034
2.0524
2.1439
2.2037
2.3379
2.1742
2.2309
2.2384
2.2415
2.3143
2.8984
2.5764
2.4308
2.4947
2.5688
2.5247
2.6783
2.3663
2.4862
2.3589
2.281
2.2623
2.2459
2.2155
2.1281
2.2089
2.0888
2.1513
2.1351
2.0853
2.0814
2.0173
2.0473
2.2016
2.0985
2.1263
2.1525
2.2103
2.6562
2.3063
2.4335
2.2981
2.422
2.3432
2.5501
2.308
2.3502
2.5026
2.3138
2.3149
2.3615
2.3262
2.2903
2.3234
2.4935
2.3958
2.3429
2.2954
2.5216
2.3429
2.3547
2.4307
2.3134
2.3652
2.2965
2.7912
2.2199
2.2377
2.4235
2.3385
2.3924
2.4793
2.4212
2.3796
2.3352
2.5522
2.3548
2.231
2.2782
2.1854
2.2154
2.2304
2.3262
2.4134
2.3121
2.5001
2.3079
2.2972
2.3905
2.345
2.4138
2.2521
2.8182
2.2563
2.2615
2.2101
2.2379
2.3909
2.282
2.3738
2.3048
2.2822
2.3652
2.3318
2.5763
2.4779
2.3529
2.3517
2.3096
2.3527
2.3472
2.4469
2.5712
2.3871
2.4189
2.4723
2.4766
2.508
2.8652
2.8516
2.5011
2.5128
2.4847
2.5908
2.679
2.4687
2.479
2.4791
2.4844
2.4653
2.3926
2.743
2.3244
2.3362
2.3742
2.3313
2.2638
2.2567
2.4848
2.2884
2.3343
2.4521
2.5257
2.6031
3.1489
2.648
2.5594
2.5422
2.5503
2.6092
3.1786
2.5898
2.522
2.5202
2.4428
2.5003
2.4747
2.5732
2.416
2.4058
2.4174
2.4086
2.4317
2.4532
2.6024
2.5322
2.5259
2.4761
2.4558
3.1141
2.6862
2.4102
2.3832
2.3379
2.3813
2.4705
2.3896
2.5147
2.2945
2.3766
2.3765
2.3159
2.4127
2.2732
2.3651
2.3917
2.5909
2.4824
2.4563
2.8618
2.4849
2.5688
2.3971
2.3696
2.377
2.9188
2.353
2.3937
2.2512
2.1519
2.2045
2.149
2.2023
2.0512
2.124
2.136
2.1093
2.2305
2.261
2.2763
2.2164
2.21
2.0793
2.1924
2.1313
2.1448
2.2028
2.1501
2.1258
2.1364
2.2138
2.0989
2.1251
2.1137
2.2293
2.0806
2.0513
2.071
2.0969
2.0804
2.0747
2.1832
2.272
2.1494
2.1084
2.0363
2.2192
2.0494
2.0705
2.7188
2.1375
2.114
2.1139
2.1129
2.2269
2.1221
2.1953
2.1769
2.2705
2.1749
2.1142
2.1879
2.147
2.2106
2.272
2.2445
2.2564
2.1978
2.2489
2.4065
2.5494
2.2925
2.2651
2.3845
2.4302
2.37
2.4872
2.8691
2.2547
2.3212
2.3053
2.2571
2.2051
2.3913
2.2725
2.2416
2.147
2.303
2.2235
2.2484
2.3244
2.2694
2.1255
2.0853
2.0957
2.1637
2.0853
2.2256
2.4258
2.2332
2.2555
2.2846
2.2499
2.2817
2.2332
2.4874
2.2709
2.2634
2.2279
2.1953
2.2656
2.245
2.8768
2.0741
2.1154
2.1099
2.1109
2.1583
2.1212
2.3292
2.365
2.2845
2.2759
2.3346
2.2811
2.2758
2.3825
2.4284
2.3467
2.4005
2.2809
2.3704
2.3747
2.483
2.5618
2.3963
2.4155
2.3856
2.4814
3.0573
2.5014
2.6511
2.5463
2.5944
2.6438
2.7913
2.6073
2.6811
2.5215
2.5641
2.6053
2.6635
2.6041
2.8173
2.6284
2.713
2.657
2.8281
2.5925
2.6325
2.6932
2.6107
2.5529
3.1343
2.5068
2.4972
2.5727
2.5275
2.5675
2.897
2.447
2.4118
2.5668
2.3305
2.3915
2.422
2.3301
2.4201
2.3907
2.6621
2.5992
2.7039
2.7208
2.6041
2.6476
2.6633
2.5307
2.5449
3.1022
2.6377
2.5319
2.5476
2.5469
2.5682
2.722
2.603
2.5969
2.6635
2.8051
2.7489
2.7921
2.7294
2.7729
2.7932
2.9474
2.8985
2.6999
2.681
2.746
2.7954
2.9859
3.5208
2.7324
2.7328
2.7504
2.6849
2.9086
2.9393
2.8427
2.7883
2.7914
2.6998
2.9385
2.7221
2.7014
2.6942
2.5967
2.6715
3.0118
2.7993
2.7098
2.8231
2.8097
2.8672
3.5202
3.0352
3.0817
3.1071
3.1184
3.2268
3.0326
3.0389
3.0615
2.9887
3.1948
3.1127
2.9155
2.9811
2.9663
2.9405
3.0585
2.9183
2.9584
2.8034
2.7726
3.3488
2.8599
2.8573
2.9308
2.9711
3.0002
3.0423
2.9262
2.8536
2.9652
3.0905
2.8862
2.9696
2.906
2.9218
2.9001
2.9526
2.858
2.8652
2.7881
2.744
2.7343
3.3552
2.9186
2.7273
2.865
2.7016
2.7892
2.8793
3.0952
2.9592
3.0194
3.1176
2.9363
2.9075
2.959
2.8704
2.8592
2.8785
2.9308
3.0531
2.9689
2.9059
3.3915
2.7505
2.8453
3.0219
2.8795
2.9246
3.1556
2.9361
3.1587
3.1227
3.1079
3.2809
3.0764
3.1376
3.199
3.0303
3.1582
2.9359
2.9152
3.0311
2.8749
3.4796
2.8257
2.808
2.6531
2.729
2.6398
2.7566
2.6441
2.6331
2.6105
2.6496
2.6123
2.6617
2.6414
2.6708
2.6239
2.5518
2.6554
2.818
2.6169
2.5847
2.5852
2.5331
2.5822
2.9633
2.3335
2.314
2.3135
2.4885
2.4131
2.7842
2.5294
2.5664
2.6148
2.6683
2.4808
2.6348
2.6082
2.5969
2.627
2.6643
2.6804
2.7488
2.758
2.7019
2.7986
2.7416
2.693
2.8709
2.9171
2.6604
2.603
2.7628
2.7165
2.9404
2.6326
2.6326
2.5777
2.6725
2.7003
2.953
2.8134
2.6283
2.7297
2.6843
2.6302
2.7263
2.7606
2.5366
2.5779
2.5821
2.5321
3.1805
2.6865
2.7034
2.6859
2.751
2.6912
2.6228
2.6401
2.5537
2.5138
2.6306
2.5799
2.7598
2.7369
2.7288
2.6225
2.5661
2.5509
2.6446
2.5141
2.5764
2.3953
2.314
2.2818
2.2926
2.8802
2.429
2.4024
2.1741
2.1949
2.0698
2.2576
2.1047
2.1097
2.2866
2.1568
2.2046
2.1649
2.1881
2.4594
2.2242
2.301
2.4837
2.2377
2.2403
2.2564
2.3249
2.2907
2.2944
2.3926
2.2964
2.28
2.4954
2.7691
2.4497
2.3665
2.4893
2.3418
2.4295
2.5112
2.5674
2.5439
2.6735
2.525
2.4096
2.3893
2.3248
2.3386
2.3521
2.4736
2.4371
2.4087
2.4795
2.3821
2.3643
2.4239
2.5804
2.3843
2.9664
2.6519
2.4763
2.3866
2.3461
2.6676
2.4046
2.4707
2.2867
2.3736
2.502
2.5194
2.6692
2.6009
2.5395
2.5353
2.8265
2.4139
2.6239
3.1969
3.3326
2.7908
2.6862
2.5001
2.6221
3.0898
2.5181
2.5132
2.4692
2.4603
2.5846
2.6219
2.7175
2.7039
2.6484
2.6364
2.7172
2.6537
2.5867
2.5201
2.4808
2.4516
2.4527
2.6621
2.6483
2.441
2.5024
2.5069
2.5901
3.2576
2.6393
2.7224
2.7157
2.6935
2.7051
2.8109
2.5171
2.5498
2.5882
2.55
2.5455
2.6512
2.715
2.6515
2.5962
2.7515
2.6941
2.8183
2.6558
2.6254
2.5845
2.5428
2.4972
2.8595
2.7333
2.6283
2.6251
2.5953
2.6664
2.4977
2.4231
2.4665
2.4592
2.4414
2.3756
2.5139
2.3554
2.48
2.4729
2.5269
2.4048
2.4994
2.291
2.3836
2.376
2.5704
2.4521
2.4148
2.8845
2.3514
2.2784
2.4508
2.3276
2.3054
2.2743
2.4203
2.2276
2.29
2.4036
2.2877
2.2868
2.2868
2.3717
2.2228
2.2854
2.1875
2.3439
2.1305
2.1585
2.3348
2.2514
2.2793
2.2976
2.4756
2.3347
2.2555
2.8873
2.2248
2.2139
2.246
2.3761
2.2562
2.4688
2.4215
2.3948
2.3939
2.3748
2.3795
2.2124
2.3306
2.166
2.1724
2.1435
2.0944
2.1171
2.2865
2.1341
2.0499
2.1187
2.1228
2.1399
2.1975
2.3656
2.2857
2.9401
2.3668
2.3466
2.3934
2.3496
2.4569
2.6655
2.4326
2.5023
2.4326
2.5227
2.504
2.7344
2.5197
2.4776
2.4157
2.5433
2.5047
2.6716
2.6985
2.572
2.6456
2.6263
2.5679
2.5771
3.0555
2.6478
2.663
2.7063
2.6551
2.6345
2.8535
2.5329
2.5344
2.5512
2.4617
2.4965
2.5746
2.5066
2.42
2.4201
2.3622
2.3375
2.5231
2.5288
2.459
2.4218
2.4193
2.268
2.2641
2.7433
2.2599
2.1106
2.1978
2.1596
2.1675
2.136
2.1991
2.0821
2.1653
1.9945
2.0277
1.932
1.9645
1.9639
2.1305
1.8346
2.0811
2.0092
2.077
2.0767
2.0306
2.0118
2.1628
2.0358
2.3189
2.1318
2.1783
2.1724
2.1983
2.9292
2.243
2.4212
2.2749
2.2874
2.3181
2.27
2.4078
2.2676
2.1911
2.2874
2.1357
2.0441
2.0605
2.3154
2.1445
2.1126
2.2011
2.0688
2.1279
2.1362
2.1244
2.0979
2.066
2.0876
2.336
2.15
2.1266
2.1543
2.6999
2.1597
2.2317
2.2878
2.3789
2.2057
2.3682
2.2302
2.3416
2.3223
2.3588
2.4368
2.3871
2.4606
2.3998
2.3563
2.3281
2.3087
2.3843
2.2897
2.6126
2.1834
2.1407
2.1762
2.14
2.2393
2.039
2.6279
2.1248
2.0246
2.07
2.0453
2.0971
2.2583
2.2262
2.1708
2.1051
2.1052
2.1035
2.0954
2.2299
2.3475
2.2807
2.1574
2.207
2.0989
1.9905
1.973
2.0911
2.03
1.9718
1.9927
1.9508
1.9084
1.8747
1.8162
1.8938
2.0545
2.4205
1.7802
1.7333
1.7267
1.7725
1.7271
1.6668
1.742
2.0174
1.8648
1.8579
1.8725
1.8148
1.7958
1.8179
1.9387
1.9406
2.1412
2.0967
2.1509
2.1016
2.1064
2.0104
1.999
2.0478
2.2451
1.9422
1.793
1.7582
1.8025
1.8007
1.8347
1.8386
2.3986
1.884
1.9162
1.7974
1.8277
1.7835
1.8
1.8141
1.95
2.0659
1.8328
1.8491
1.8392
1.8539
1.9103
1.9052
1.9619
2.0331
1.9331
1.8222
1.7369
1.7325
1.7708
1.7783
1.8043
1.9141
1.8525
1.9897
1.7231
1.7241
1.6945
1.643
1.6816
1.734
1.6611
2.2966
1.7367
1.8691
1.7378
1.7494
1.7903
1.76
1.7997
1.8566
1.7842
1.781
1.9495
1.8052
1.8269
1.8471
1.8653
1.9488
2.0337
2.0186
2.037
2.0897
1.9849
1.9328
1.9965
1.9508
2.037
1.9997
2.0062
2.1523
1.9542
1.8631
1.8572
1.8191
2.2576
1.8053
1.8923
1.9525
1.9529
1.8512
1.8259
1.8956
1.8845
1.8729
1.8538
1.9246
2.0176
1.889
1.8695
1.8944
1.9668
2.0938
2.0307
2.026
2.039
2.0122
1.8533
1.7692
1.8183
1.8802
1.8495
1.8324
1.8427
1.7693
1.9905
1.7883
1.8133
1.9529
2.1406
1.875
2.0378
2.0446
2.1505
2.035
2.1337
2.1991
2.3024
2.1622
2.2926
2.1291
2.2633
2.1117
2.5391
2.2194
2.2019
2.0545
1.9984
2.0374
1.8977
1.9285
1.9258
1.915
1.7667
1.8278
1.7868
1.7822
1.9042
1.8435
2.0068
2.3881
1.8977
1.894
1.8239
1.7821
1.7954
1.9404
1.7744
2.0391
1.8674
1.8491
1.9051
1.8574
1.8192
1.8506
1.9599
1.9771
1.963
1.9915
1.8717
1.8546
1.8089
1.8953
1.771
1.9427
1.7862
1.7287
1.7291
1.7016
1.7366
1.7817
1.6651
1.6848
1.8061
1.8372
1.7844
1.7838
1.8339
1.8143
1.8297
1.8127
1.7267
1.8532
1.7769
1.6667
1.679
1.6559
1.6601
1.6421
1.6996
1.693
1.6455
2.1992
1.5647
1.5891
1.5506
1.6034
1.5918
1.562
1.6513
1.5812
1.6495
2.095
1.5944
1.4967
1.5454
1.5024
1.5046
1.5308
1.5392
1.5268
1.5546
1.7055
1.6661
1.5066
1.4478
1.4708
1.4573
1.5095
1.4602
1.5023
1.4905
1.5896
1.5462
1.6251
1.3947
1.461
1.4158
1.4252
1.4139
1.4459
1.4252
1.3804
1.9359
1.5209
1.5849
1.4437
1.4082
1.4192
1.3794
1.3573
1.4348
1.3985
1.4306
1.5336
1.4505
1.4687
1.5749
1.4227
1.4499
1.4269
1.3949
1.4937
1.4327
1.5413
1.4795
1.5069
1.4571
1.6653
1.5018
1.483
1.5281
1.4862
1.5493
1.505
1.6947
1.5256
1.5305
1.513
1.6641
1.5154
1.4834
1.5451
1.523
1.5591
1.5491
2.0209
1.5095
1.4963
1.5858
1.4992
1.504
1.4721
1.4755
1.4894
1.5192
1.6014
1.5423
1.5588
1.55
1.6831
1.5466
1.5436
1.5776
1.6112
1.6147
1.7385
1.5853
1.5791
1.5932
1.7579
1.6036
1.5626
1.5834
1.5813
1.572
1.7284
1.5341
1.5039
1.5419
1.5849
1.7614
1.5624
1.5766
1.5809
1.5881
2.2054
1.6224
1.6219
1.647
1.612
1.8018
1.6951
1.7277
1.6923
1.8494
1.7775
1.7049
1.6642
1.7145
1.7099
1.7465
1.6649
1.6646
1.8024
1.6271
1.6142
1.6356
1.5685
1.5499
1.5316
1.7033
1.5914
1.6017
1.853
1.6081
1.6196
1.6054
1.6289
1.6055
1.5966
1.6849
1.5817
1.6019
2.2436
1.5991
1.5805
1.5905
1.5935
1.6041
1.5768
1.73
1.6595
1.673
1.5604
1.583
1.5834
1.6016
1.6085
1.6517
1.678
1.8078
1.6685
1.9071
1.5813
1.5926
1.5515
1.592
1.6163
1.6367
1.6431
1.6579
1.5652
1.6294
1.5579
1.6109
1.5586
1.54
1.5912
1.5903
1.5388
1.5634
1.7238
2.1787
1.5411
1.5472
1.511
1.4597
1.4859
1.4958
1.4941
1.4959
1.65
1.6755
1.5667
1.551
1.5534
1.5233
1.5153
1.5398
1.5313
1.5292
1.5493
1.9781
1.6695
1.6989
1.7292
1.7331
1.7296
1.7268
1.7131
1.6852
1.8665
1.5898
1.5853
1.7309
1.5373
1.4978
1.5155
1.4762
1.4676
1.4646
1.4062
1.9729
1.4474
1.435
1.4468
1.4895
1.5578
1.5294
1.5609
1.5391
1.5013
1.7082
1.6991
1.6734
1.6649
1.7167
1.6384
1.6638
1.5965
1.6043
1.5466
1.6701
1.6268
1.5073
1.5062
1.5077
1.5343
1.5111
1.5391
1.5167
1.5833
1.6879
1.5646
1.6736
1.5463
1.5549
1.5234
1.5142
1.5448
1.4902
1.4763
1.9065
1.5552
1.5209
1.3894
1.3753
1.4681
1.4318
1.4195
1.418
1.456
1.4354
1.7557
1.4298
1.4205
1.6217
1.518
1.4587
1.5038
1.5859
1.5784
1.569
1.6856
1.6251
1.55
1.7176
1.564
1.5771
1.5369
1.555
1.5683
1.5512
1.6683
1.5632
1.5449
1.5654
1.704
1.6145
1.5965
1.5751
1.553
1.5347
1.8421
1.6908
1.4914
1.5084
1.6975
1.5521
1.6145
1.61
1.6162
1.5762
1.7182
1.6139
1.619
1.6525
1.7556
1.7211
1.6937
1.7073
1.7553
1.8618
1.7582
1.7589
1.7788
1.7487
1.7659
1.6373
1.6458
1.7088
1.7033
1.7862
1.6882
1.7275
1.7708
1.9506
1.7278
1.7361
1.6522
1.6029
2.3322
1.5708
1.5666
1.5982
1.5086
1.6202
1.5103
1.5477
1.6219
1.7663
1.8713
1.8589
2.0121
1.8354
1.9041
2.0417
1.833
1.8294
1.8916
1.8108
1.7537
1.8032
1.7947
1.8331
1.962
1.9094
1.9092
1.863
1.8005
1.7401
1.6839
1.7106
1.6935
1.8562
1.6862
1.7106
2.4056
1.8035
1.8653
1.8423
1.9033
1.847
2.0218
1.8562
1.888
1.7591
1.7971
1.7877
1.7383
1.6507
1.6858
1.8068
1.7174
1.9493
1.6904
1.6309
1.6319
1.7459
1.6417
1.654
1.6004
1.7772
1.862
1.6214
1.5319
1.502
1.5018
1.5133
1.4403
1.4269
1.4065
1.4012
1.5271
2.0553
1.4661
1.4346
1.4953
1.4546
1.4896
1.4607
1.4651
1.4867
1.5466
1.6415
1.5505
1.4914
1.508
1.4732
1.4876
1.4978
1.4909
1.4728
1.4713
1.7108
1.4749
1.3635
1.3881
1.4049
1.4291
1.4168
1.4426
1.3941
1.376
1.3681
1.4707
1.4733
1.3689
1.3884
1.3638
1.3441
1.3214
1.3053
1.3164
1.3359
1.3046
1.2972
1.3805
1.2648
1.39
1.2662
1.2627
1.2743
1.2501
1.2433
1.2456
1.2323
1.2152
1.2387
1.3725
1.4268
1.3543
1.4817
1.3368
1.3333
1.3433
1.3288
1.3544
1.3282
1.3407
1.3244
1.6081
1.549
1.3185
1.3902
1.2975
1.2679
1.2963
1.2935
1.2653
1.3277
1.3182
1.328
1.4196
1.3165
1.2898
1.3905
1.2781
1.2794
1.2778
1.2787
1.2518
1.2686
1.2586
1.2883
1.4061
1.235
1.2361
1.2238
1.3797
1.2496
1.2463
1.2542
1.2569
1.2457
1.2277
1.2558
1.2541
1.4719
1.3102
1.2939
1.2704
1.3752
1.2577
1.2777
1.2746
1.2404
1.2324
1.2138
1.2036
1.2424
1.8238
1.4012
1.2332
1.2099
1.2934
1.1477
1.1204
1.1691
1.1872
1.2189
1.2237
1.2686
1.7935
1.8015
1.3583
1.3335
1.4825
1.3538
1.294
1.2807
1.2495
1.1563
1.1506
1.1666
1.4152
1.1866
1.1933
1.1723
1.1855
1.2029
1.3191
1.2888
1.2461
1.3045
1.291
1.3129
1.3309
1.2252
1.2264
1.208
1.169
1.1353
1.0751
1.1489
1.1248
1.0933
1.1043
1.1192
1.1516
1.1329
1.6569
1.4134
1.1474
1.1484
1.2081
1.174
1.2157
1.3564
1.1999
1.2203
1.2324
1.3134
1.3235
1.4214
1.319
1.3613
1.3552
1.3419
1.3374
1.3335
1.4176
1.327
1.3208
1.3329
1.5096
1.3885
1.3552
1.3445
1.3744
1.391
1.3695
1.4084
1.5435
1.488
1.4331
1.577
1.4857
1.442
1.4043
1.3712
1.3471
1.3477
1.4036
1.5054
1.4941
1.3952
1.3421
1.9425
1.3369
1.3304
1.375
1.3433
1.3988
1.4077
1.4446
1.5
1.4136
1.3655
1.7985
1.3196
1.344
1.2826
1.2849
1.2715
1.2808
1.2827
1.2593
1.3767
1.2689
1.2461
1.5875
1.2701
1.2392
1.2736
1.2367
1.243
1.2178
1.2098
1.1892
1.1537
1.2042
1.2121
1.1569
1.3093
1.2146
1.2019
1.207
1.1767
1.187
1.1725
1.1838
1.1794
1.1609
1.1597
1.3282
1.2043
1.7149
1.1643
1.1422
1.146
1.164
1.1424
1.1352
1.1679
1.1475
1.143
1.1308
1.1244
1.2847
1.2104
1.1161
1.0993
1.1139
1.1342
1.1455
1.1484
1.168
1.1455
1.1133
1.1208
1.1085
1.1233
1.1144
1.4138
1.1941
1.2279
1.2968
1.2054
1.1808
1.2078
1.2083
1.2104
1.1992
1.1824
1.1834
1.2112
1.385
1.2055
1.1525
1.1482
1.1313
1.1309
1.132
1.1459
1.1527
1.173
1.2038
1.1354
1.1232
1.1128
1.7746
1.1537
1.1131
1.1403
1.1257
1.082
1.0605
1.0879
1.0294
1.0322
1.0101
1.0418
1.0518
1.0597
1.2319
1.1153
1.1586
1.0755
1.1136
1.0853
1.075
1.0609
1.0437
1.0897
1.0793
1.087
1.132
1.1138
1.1276
1.2004
1.1501
1.2598
1.1547
1.1796
1.204
1.157
1.1294
1.1224
1.1235
1.1583
1.1246
1.1286
1.1642
1.1067
1.1513
1.2412
1.1045
1.0852
1.1276
1.0608
1.0632
1.0485
1.0666
1.0622
1.0909
1.123
1.1555
1.7338
1.1698
1.2172
1.2433
1.1912
1.1867
1.1589
1.1758
1.2833
1.1393
1.1405
1.125
1.132
1.237
1.1899
1.1673
1.2507
1.2459
1.1989
1.1961
1.1782
1.18
1.2079
1.1668
1.212
1.1585
1.2545
1.1563
1.1829
1.242
1.39
1.287
1.2826
1.2665
1.305
1.3439
1.352
1.3418
1.5286
1.3425
1.3717
1.3402
1.3504
1.5033
1.3865
1.428
1.3654
1.3923
1.3729
1.3101
1.9063
1.2993
1.341
1.2974
1.393
1.3911
1.3284
1.3067
1.3193
1.2714
1.2646
1.2672
1.4475
1.2964
1.3644
1.338
1.3406
1.5031
1.3246
1.3206
1.3384
1.3224
1.3717
1.6418
1.4206
1.4397
1.4185
1.4758
1.4013
1.5007
1.3366
1.3168
1.355
1.3266
1.3422
1.5737
1.384
1.4586
1.4206
1.411
1.4152
1.5666
1.3604
1.3744
1.3897
1.3424
1.9053
1.303
1.3299
1.3233
1.317
1.3707
1.3945
1.271
1.2234
1.1882
1.1555
1.1652
1.3712
1.1289
1.159
1.1558
1.1806
1.1721
1.2132
1.15
1.281
1.1359
1.1409
1.1393
1.1556
1.2964
1.1785
1.1985
1.1812
1.1624
1.1887
1.2181
1.211
1.2756
1.3544
1.2056
1.2246
1.2983
1.2969
1.2267
1.2156
1.2434
1.2422
1.2368
1.2002
1.2647
1.198
1.266
1.3383
1.2614
1.2034
1.6677
1.2188
1.2111
1.2343
1.2678
1.2483
1.2414
1.2601
1.2987
1.3601
1.3141
1.2755
1.3433
1.2816
1.2795
1.3224
1.2766
1.2781
1.3803
1.2565
1.2815
1.2634
1.3523
1.1864
1.1688
1.1521
1.1506
1.1461
1.1382
1.1391
1.1274
1.1651
1.2128
1.1817
1.2088
1.2615
1.3384
1.2307
1.2825
1.2208
1.1862
1.2191
1.1806
1.1685
1.1767
1.1615
1.1775
1.1305
1.1449
1.136
1.2965
1.1365
1.6827
1.1577
1.1607
1.2233
1.1819
1.1719
1.1672
1.1853
1.2099
1.177
1.1978
1.1871
1.2561
1.3451
1.1525
1.1577
1.1447
1.1325
1.1399
1.1431
1.1741
1.1052
1.129
1.1147
1.094
1.0793
1.2901
1.1131
1.1415
1.165
1.1423
1.1395
1.1932
1.1904
1.1925
1.2218
1.2128
1.2928
1.2572
1.307
1.5473
1.2866
1.2315
1.2932
1.2436
1.2701
1.2732
1.3261
1.2821
1.2755
1.3703
1.2985
1.9197
1.319
1.3482
1.3425
1.3825
1.3418
1.3605
1.3412
1.3837
1.3354
1.4016
1.6236
1.557
1.2798
1.2512
1.2849
1.264
1.2608
1.2828
1.2536
1.2092
1.2379
1.2633
1.3584
1.2851
1.3625
1.3292
1.2595
1.2707
1.2987
1.2871
1.3032
1.2989
1.3183
1.3011
1.281
1.3947
1.2685
1.3226
1.2331
1.1642
1.1489
1.1583
1.175
1.1979
1.2422
1.2587
1.2874
1.3801
1.758
1.3142
1.4632
1.2566
1.2948
1.2479
1.2674
1.2649
1.1824
1.1488
1.1291
1.1367
1.1977
1.1769
1.1504
1.1343
1.2321
1.1919
1.1648
1.2092
1.1948
1.2427
1.2525
1.2906
1.2785
1.3823
1.3593
1.3637
1.4286
1.4144
1.3532
1.3613
1.3724
1.3767
1.3923
1.3771
1.4687
1.6578
1.3676
1.2944
1.2868
1.4346
1.3126
1.2808
1.3762
1.3284
1.3419
1.3367
1.6479
1.5347
1.2925
1.2844
1.3507
1.3832
1.2796
1.3065
1.2662
1.2681
1.275
1.2467
1.4321
1.2795
1.2628
1.2401
1.2407
1.2952
1.3866
1.2638
1.306
1.2228
1.2121
1.2397
1.1903
1.4037
1.1662
1.1764
1.1406
1.1509
1.1467
1.121
1.22
1.0968
1.1047
1.1249
1.1247
1.2092
1.2275
1.2324
1.2033
1.2811
1.1968
1.2109
1.2522
1.3834
1.3145
1.2109
1.2098
1.2537
1.1928
1.6064
1.2552
1.2046
1.2198
1.2401
1.2638
1.2542
1.2644
1.3849
1.3909
1.2813
1.356
1.5626
1.38
1.3586
1.3314
1.3609
1.3204
1.3454
1.3475
1.4581
1.362
1.3277
1.3379
1.4637
1.3575
1.342
1.3684
1.3912
1.4195
1.3918
1.4589
1.5997
1.4411
1.4297
1.4247
1.3721
1.3995
1.3325
1.3686
1.305
1.2894
1.3306
1.3559
1.5128
1.3502
1.3543
1.9026
1.3866
1.4031
1.5044
1.4092
1.4482
1.4219
1.4403
1.6004
1.4365
1.6241
1.4291
1.4468
1.4202
1.527
1.4421
1.4832
1.4274
1.541
1.6233
1.5102
1.5844
1.4998
1.4405
1.4457
1.448
1.4582
1.4732
1.4818
1.5004
1.5973
1.5634
1.5537
1.6167
1.4631
1.4853
1.4647
1.4567
1.4586
1.4432
1.4412
1.4548
1.8098
1.7249
1.3869
1.4693
1.449
1.4974
1.442
1.5027
1.5218
1.5378
1.711
1.6207
1.5705
1.4772
1.4985
1.5349
1.5517
1.5377
1.5828
1.5789
1.639
1.846
1.704
1.6122
1.6455
1.7123
1.6714
1.7891
1.8023
1.686
2.1193
1.6675
1.6311
1.612
1.565
1.6346
1.6
1.6059
1.5715
1.529
2.1225
1.7765
1.6844
1.632
1.6517
1.6584
1.6283
1.6551
1.6466
1.6766
1.7635
1.7251
1.7661
1.7184
1.7844
1.7281
1.5967
1.6131
1.7394
1.6363
1.8188
1.6563
1.5791
1.6582
1.6207
1.6343
1.6381
1.6897
1.6964
1.7063
1.7528
1.6604
1.6554
1.7622
1.7302
1.7736
1.72
2.0267
1.8918
1.6575
1.8382
1.6972
1.7352
1.7445
1.706
1.6478
1.8057
1.7037
1.676
1.8177
1.6781
1.5976
1.5624
1.5665
1.5453
1.5262
1.6688
1.538
1.4591
1.5787
1.7109
1.5508
1.6064
1.6563
1.5755
1.6588
1.7501
1.5819
1.5706
1.5086
1.6373
1.5465
1.5724
1.5778
1.5466
1.5892
2.3335
1.5987
1.5659
1.5673
1.7416
1.5767
1.6348
1.5907
1.6516
1.7417
1.6836
1.6874
1.7381
1.7667
1.9412
1.8521
1.8555
1.8593
1.8451
1.8687
1.8796
1.9264
1.8455
1.8904
1.8551
1.8493
1.9741
2.0913
2.0678
1.9274
1.9556
1.9662
1.9254
1.8808
1.8655
2.375
1.7618
1.7074
1.7068
1.7723
1.9244
1.6787
1.6963
1.6274
1.6878
1.5759
1.6801
1.679
1.7494
1.7221
2.0159
1.8991
1.8772
2.0462
1.8667
1.9055
1.9362
1.8114
1.8157
1.9172
1.8808
2.0808
1.8656
1.909
1.9224
1.9152
1.8693
1.9141
1.8908
1.8691
2.1784
1.7412
1.6923
1.7672
1.7953
1.8127
1.7388
1.8841
1.8938
1.732
1.6812
1.6523
1.6497
1.6457
1.5805
1.5893
1.6874
1.5559
1.5924
1.5031
1.5043
1.4889
1.5034
1.476
1.5629
1.5144
1.5863
1.7059
1.6493
1.5522
1.4611
1.4821
1.4411
1.4514
1.3928
1.4239
1.4182
1.3664
1.5138
2.0961
1.5045
1.5339
1.4591
1.4805
1.4626
1.5061
1.4967
1.5628
1.4592
1.7167
1.4764
1.5263
1.5224
1.4811
1.5325
1.5012
1.4848
1.4521
1.4523
1.4416
1.6284
1.369
1.346
1.4004
1.3506
1.3568
1.4049
1.3567
1.3827
1.3721
1.3513
1.4475
1.5035
1.3919
1.3867
1.3587
1.3932
1.3662
1.388
1.3436
1.3383
1.3541
1.3166
1.8768
1.4286
1.3462
1.3157
1.3244
1.3407
1.326
1.3481
1.366
1.3405
1.3244
1.4371
1.285
1.3308
1.3633
1.2847
1.2518
1.3047
1.2804
1.2688
1.2758
1.3084
1.2757
1.3147
1.414
1.2964
1.4313
1.3861
1.293
1.3361
1.3786
1.3184
1.341
1.3169
1.2968
1.355
1.29
1.2885
1.4351
1.4324
1.3279
1.3965
1.3391
1.347
1.3924
1.3658
1.5642
1.7945
1.3736
1.4132
1.5269
1.4032
1.4441
1.3966
1.4244
1.4045
1.3894
1.5118
1.435
1.4532
1.3867
1.402
1.4455
1.3563
1.4207
1.3677
1.4086
1.3775
1.4148
1.5609
1.3703
1.4208
1.3814
1.4246
1.5175
1.3911
1.4253
1.3799
1.4385
1.4098
1.5616
1.49
1.4757
1.4592
1.4857
1.6156
1.5056
1.4889
1.5117
1.491
1.7306
1.8612
1.4821
1.4334
1.3937
1.4124
1.5413
1.4212
1.4233
1.3922
1.463
1.4617
1.4446
1.4615
1.4654
1.4158
1.4614
1.4788
1.479
1.5073
1.3932
1.3983
1.5131
1.4267
1.3886
1.4033
1.3747
1.3321
1.35
1.4824
1.3736
1.3331
1.3111
1.3153
1.3406
1.2738
1.2719
1.33
1.3349
1.2969
1.3543
1.3047
1.391
1.3086
1.2768
1.2526
1.8322
1.2299
1.2456
1.2078
1.211
1.1882
1.1947
1.2556
1.2074
1.3724
1.2573
1.2083
1.2584
1.23
1.2291
1.2516
1.2296
1.222
1.2231
1.2644
1.2212
1.2246
1.406
1.2347
1.2279
1.5803
1.227
1.2309
1.2381
1.2605
1.2427
1.2364
1.2266
1.2641
1.2376
1.3729
1.2371
1.4302
1.4423
1.2546
1.2461
1.2295
1.2193
1.2879
1.2346
1.2214
1.2282
1.2577
1.412
1.2259
1.8021
1.307
1.2364
1.254
1.2384
1.2287
1.2628
1.2551
1.2331
1.2391
1.2374
1.3849
1.345
1.2397
1.2683
1.2201
1.2428
1.2332
1.2552
1.2372
1.232
1.2365
1.2764
1.2261
1.3605
1.3893
1.2351
1.2234
1.2275
1.2796
1.2229
1.2398
1.2439
1.2764
1.2275
1.2403
1.2331
1.3852
1.2075
1.2017
1.1941
1.2398
1.2064
1.1935
1.2165
1.2024
1.2455
1.2093
1.2015
1.2035
1.2931
1.6318
1.2104
1.2422
1.1971
1.1983
1.2254
1.2256
1.1896
1.2259
1.2035
1.1982
1.2435
1.2755
1.331
1.191
1.2427
1.2068
1.1949
1.2107
1.2251
1.2013
1.2107
1.1964
1.2033
1.2446
1.396
1.2134
1.3638
1.2052
1.1993
1.2079
1.1992
1.3863
1.21
1.2012
1.2114
1.2405
1.2201
1.2472
1.2221
1.3331
1.1986
1.2125
1.225
1.2229
1.2088
1.2061
1.2109
1.2025
1.234
1.2014
1.7785
1.2248
1.3584
1.2063
1.2317
1.206
1.1985
1.1963
1.2312
1.2018
1.2028
1.2014
1.2041
1.4129
1.2097
1.207
1.372
1.2027
1.2045
1.2035
1.2001
1.2503
1.2101
1.2149
1.2127
1.2896
1.3072
1.2347
1.2188
1.3742
1.2109
1.1997
1.2036
1.2326
1.2291
1.1923
1.2153
1.2362
1.2815
1.2063
1.215
1.2045
1.2224
1.303
1.2047
1.1953
1.2403
1.2114
1.1975
1.2008
1.2273
1.3088
1.1875
1.1812
1.1673
1.2226
1.2451
1.2485
1.1858
1.1807
1.2139
1.1745
1.1822
1.1939
1.2648
1.3023
1.2166
1.2015
1.2021
1.2426
1.3423
1.2215
1.2012
1.2341
1.2134
1.1967
1.2109
1.2672
1.6477
1.2049
1.2525
1.2078
1.2165
1.303
1.2503
1.2022
1.2151
1.2135
1.2405
1.2269
1.3489
1.2079
1.2529
1.2059
1.2012
1.2289
1.2086
1.3686
1.2076
1.2005
1.2102
1.2541
1.1986
1.2712
1.2051
1.2443
1.201
1.198
1.1945
1.1999
1.3607
1.2178
1.2006
1.2026
1.2315
1.2023
1.2744
1.2063
1.2243
1.2106
1.2046
1.205
1.2056
1.2519
1.3413
1.2149
1.2841
1.2
1.2091
1.7485
1.1986
1.2033
1.2387
1.2325
1.2229
1.2178
1.208
1.3729
1.1992
1.2098
1.2032
1.1974
1.3493
1.2028
1.2065
1.2073
1.2943
1.2003
1.2042
1.2026
1.2524
1.3139
1.2011
1.2086
1.2953
1.2067
1.207
1.1956
1.1922
1.2341
1.2075
1.1898
1.2025
1.2342
1.344
1.2077
1.2031
1.2649
1.2223
1.2009
1.1969
1.1973
1.2397
1.3053
1.2757
1.2486
1.2193
1.2021
1.3869
1.2388
1.6599
1.4068
1.2066
1.1973
1.1939
1.2117
1.2441
1.1905
1.1956
1.2088
1.2445
1.3263
1.2035
1.9684
1.5049
1.3883
1.5989
1.4343
1.255
1.2819
1.2254
1.1905
1.2046
1.2979
1.2669
1.1886
1.2137
1.1917
1.1993
1.2146
1.2215
1.1864
1.195
1.2342
1.2017
1.1912
1.265
1.3358
1.2084
1.2061
1.2047
1.2016
1.2241
1.1925
1.1983
1.1947
1.2293
1.2183
1.2981
1.2089
1.7558
1.2293
1.2056
1.2608
1.2026
1.2108
1.2023
1.2379
1.204
1.2013
1.2144
1.2013
1.4281
1.3608
1.2067
1.2234
1.2024
1.2024
1.1925
1.2223
1.2283
1.2027
1.1998
1.1942
1.3071
1.2072
1.2285
1.3409
1.2407
1.2131
1.1977
1.211
1.2394
1.2013
1.2078
1.1993
1.2053
1.2838
1.2742
1.2015
1.3059
1.2384
1.2
1.184
1.2134
1.235
1.1861
1.2126
1.2058
1.1968
1.299
1.1986
1.1707
1.1871
1.3259
1.1729
1.1855
1.182
1.1796
1.1747
1.229
1.1715
1.1763
1.1935
1.8302
1.1946
1.2346
1.3557
1.2026
1.1963
1.2374
1.2028
1.2211
1.2089
1.204
1.2511
1.3847
1.2163
1.2097
1.2272
1.3148
1.3614
1.2293
1.2157
1.2203
1.2075
1.1978
1.2428
1.2093
1.288
1.2022
1.2362
1.2075
1.2076
1.289
1.2327
1.2472
1.1969
1.1945
1.2626
1.2131
1.1936
1.2594
1.2283
1.2363
1.2045
1.2011
1.193
1.3753
1.2004
1.1986
1.2076
1.2016
1.2377
1.2073
1.7395
1.2198
1.2106
1.2196
1.25
1.2051
1.3063
1.1948
1.2637
1.1987
1.1955
1.199
1.2238
1.4003
1.2028
1.2051
1.1972
1.2285
1.2007
1.2704
1.245
1.2519
1.205
1.1949
1.2047
1.2077
1.3573
1.2084
1.1943
1.2017
1.2411
1.1996
1.2075
1.3347
1.2332
1.2109
1.1993
1.2009
1.2198
1.3031
1.1957
1.2079
1.2091
1.2401
1.2106
1.2094
1.1964
1.3615
1.2745
1.1947
1.1983
1.3124
1.6456
1.2247
1.2021
1.2429
1.203
1.2155
1.2381
1.1949
1.31
1.203
1.2425
1.2081
1.4243
1.2272
1.2225
1.2081
1.2101
1.1913
1.2291
1.2164
1.1942
1.2995
1.2339
1.1975
1.1997
1.3706
1.2389
1.1923
1.2102
1.2116
1.1944
1.242
1.2051
1.2022
1.2058
1.352
1.1988
1.2012
1.2727
1.2118
1.2249
1.2014
1.2057
1.2013
1.2266
1.2126
1.2056
1.2067
1.2365
1.2699
1.2266
1.7269
1.2138
1.1966
1.2098
1.2382
1.2001
1.2132
1.2119
1.1994
1.2411
1.2097
1.3339
1.211
1.3252
1.2103
1.215
1.2086
1.2376
1.1999
1.2029
1.2003
1.2043
1.2299
1.2012
1.3276
1.1996
1.3016
1.1852
1.2724
1.1893
1.2146
1.1835
1.1793
1.1835
1.1767
1.2146
1.2033
1.1932
1.2368
1.2409
1.244
1.2028
1.2029
1.2141
1.2367
1.1985
1.2039
1.1962
1.2056
1.2462
1.2062
1.2074
1.8912
1.1917
1.1948
1.2791
1.1992
1.1923
1.2107
1.196
1.2262
1.2113
1.1914
1.2001
1.2306
1.4346
1.1872
1.2111
1.2224
1.2092
1.2156
1.2007
1.2028
1.2313
1.2082
1.2159
1.2248
1.3054
1.3679
1.2242
1.2055
1.2653
1.1974
1.209
1.2035
1.2337
1.2084
1.2096
1.1989
1.2031
1.3128
1.2034
1.2948
1.2075
1.2367
1.1961
1.199
1.2279
1.2158
1.2233
1.2194
1.4123
1.2771
1.458
1.5864
1.3176
1.1965
1.2046
1.2255
1.1988
1.2832
1.203
1.2461
1.2021
1.2039
1.2089
1.328
1.2028
1.3303
1.1987
1.2359
1.2031
1.2081
1.2198
1.1992
1.2358
1.2242
1.1971
1.2022
1.3366
1.212
1.2048
1.3265
1.2332
1.2269
1.2058
1.2096
1.2013
1.2472
1.2111
1.2048
1.2076
1.4113
1.2474
1.2111
1.4109
1.2029
1.203
1.2176
1.2051
1.2335
1.2204
1.204
1.1994
1.2791
1.2212
1.1996
1.2003
1.208
1.3438
1.1944
1.2015
1.2035
1.2255
1.2093
1.2056
1.1992
1.2237
1.4219
1.2029
1.2095
1.2474
1.3223
1.2241
1.2004
1.2363
1.1994
1.2111
1.1951
1.209
1.3127
1.1967
1.202
1.2051
1.2428
1.2117
1.3107
1.2189
1.2329
1.188
1.2002
1.2207
1.198
1.3914
1.5999
1.2494
1.1953
1.2036
1.2063
1.3519
1.1911
1.2004
1.2233
1.1935
1.217
1.2028
1.2825
1.2024
1.2443
1.2041
1.1961
1.2198
1.194
1.3764
1.2247
1.1929
1.2016
1.2273
1.2126
1.2765
1.1979
1.2546
1.2034
1.1909
1.2049
1.2095
1.3137
1.2012
1.1992
1.2028
1.2393
1.1978
1.2683
1.1922
1.166
1.2099
1.1796
1.1739
1.1747
1.1812
1.3208
1.1799
1.1667
1.1731
1.1826
1.3604
1.6255
1.2515
1.197
1.2002
1.2149
1.2274
1.2149
1.3525
1.2232
1.2321
1.1972
1.2002
1.3322
1.225
1.2126
1.2024
1.2123
1.2009
1.2368
1.2023
1.2017
1.2709
1.2484
1.2243
1.1958
1.2744
1.2413
1.2151
1.2084
1.2014
1.3081
1.2351
1.2096
1.2022
1.2631
1.297
1.2093
1.235
1.275
1.2345
1.1929
1.2034
1.2294
1.2252
1.2132
1.2073
1.1946
1.2021
1.3543
1.199
1.2007
1.7676
1.2221
1.2004
1.2256
1.2228
1.1983
1.2094
1.2086
1.2466
1.198
1.3004
1.2127
1.2941
1.2108
1.1948
1.2012
1.233
1.2014
1.2087
1.2019
1.1927
1.2346
1.2238
1.1964
1.2619
1.2355
1.2776
1.2003
1.2072
1.2082
1.2231
1.2013
1.2183
1.2012
1.2428
1.2168
1.2216
1.2814
1.3666
1.2376
1.1983
1.1905
1.2105
1.2295
1.203
1.2136
1.1959
1.244
1.2139
1.211
1.2127
1.5508
1.6575
1.23
1.219
1.2489
1.2107
1.2387
1.2076
1.2026
1.2021
1.2209
1.3377
1.2002
1.3367
1.2265
1.2007
1.2101
1.1986
1.2091
1.2267
1.1898
1.2112
1.2075
1.2062
1.2337
1.2102
1.2819
1.3891
1.2012
1.2032
1.2349
1.2045
1.2444
1.2045
1.2051
1.2018
1.2376
1.2207
1.1949
1.285
1.3601
1.1981
1.2097
1.2101
1.1961
1.2414
1.2239
1.2118
1.1998
1.2558
1.1973
1.1983
1.8062
1.2965
1.2176
1.2327
1.2231
1.2089
1.2136
1.2179
1.2323
1.2085
1.199
1.202
1.3315
1.2227
1.216
1.2928
1.2503
1.2065
1.2168
1.2066
1.2216
1.2172
1.2023
1.2056
1.1997
1.3263
1.3171
1.2161
1.3491
1.2085
1.2036
1.1988
1.2124
1.2394
1.1969
1.2026
1.2023
1.1941
1.4255
1.1928
1.1877
1.1704
1.4215
1.1758
1.1858
1.1787
1.2019
1.1839
1.1725
1.1737
1.1847
1.3221
1.6551
1.2336
1.2067
1.2684
1.2037
1.2296
1.2164
1.204
1.1999
1.2141
1.2357
1.2167
1.449
1.2064
1.2383
1.2171
1.1987
1.3248
1.2537
1.2126
1.2095
1.2087
1.2326
1.1993
1.2098
1.2884
1.2299
1.2065
1.2023
1.1995
1.3506
1.2234
1.1924
1.2432
1.2192
1.2373
1.2192
1.2031
1.2716
1.2339
1.2022
1.2062
1.1983
1.1971
1.3833
1.1987
1.191
1.2146
1.242
1.1892
1.2163
1.761
1.1971
1.2174
1.2099
1.2241
1.2175
1.3506
1.1988
1.2575
1.2092
1.2073
1.2087
1.2868
1.2121
1.2167
1.2057
1.2442
1.1991
1.2023
1.2502
1.2469
1.3285
1.2076
1.2159
1.1983
1.3413
1.2168
1.195
1.2231
1.349
1.3083
1.2029
1.1978
1.3605
1.2016
1.1939
1.2239
1.2351
1.2853
1.2313
1.2047
1.2342
1.2012
1.2014
1.2158
1.2335
1.336
1.2094
1.205
1.2411
1.2025
1.6085
1.2829
1.2121
1.2089
1.2051
1.267
1.1985
1.2104
1.2497
1.2929
1.2155
1.2116
1.1926
1.2717
1.2421
1.1931
1.2124
1.2134
1.2315
1.2012
1.2079
1.1982
1.3818
1.2017
1.2007
1.2067
1.2568
1.2344
1.1953
1.2296
1.2064
1.2476
1.2024
1.1944
1.2095
1.1995
1.3326
1.196
1.1956
1.2682
1.2279
1.2199
1.2068
1.1972
1.193
1.2343
1.207
1.2048
1.2016
1.3453
1.21
1.2235
1.8106
1.2396
1.2028
1.2513
1.2144
1.2014
1.2113
1.2216
1.2317
1.2196
1.3415
1.2507
1.4537
1.2136
1.1966
1.2247
1.2116
1.2045
1.2047
1.2044
1.2315
1.2038
1.2032
1.2042
1.4015
1.3888
1.192
1.215
1.1839
1.1786
1.1799
1.1801
1.179
1.2112
1.1853
1.1811
1.1949
1.204
1.5415
1.3544
1.2074
1.1999
1.1967
1.1751
1.1806
1.2236
1.1966
1.1753
1.1888
1.192
1.2147
1.569
1.3381
1.2454
1.211
1.2032
1.2001
1.2426
1.209
1.2068
1.2143
1.2057
1.2361
1.2005
1.6535
1.2158
1.2076
1.2027
1.2019
1.2414
1.2099
1.2022
1.2086
1.2202
1.2341
1.1981
1.216
1.2838
1.3955
1.1999
1.233
1.2269
1.2322
1.3026
1.1971
1.2005
1.2463
1.1985
1.1904
1.2035
1.4291
1.3114
1.202
1.2015
1.2269
1.2078
1.2281
1.2086
1.2368
1.2216
1.2005
1.2049
1.2004
1.9216
1.3832
1.2028
1.1982
1.2458
1.2277
1.2077
1.2232
1.2028
1.2218
1.2554
1.2166
1.2767
1.2188
1.2953
1.271
1.1931
1.2016
1.2491
1.1954
1.1983
1.2063
1.2112
1.2078
1.2048
1.2716
1.2013
1.2257
1.3717
1.2136
1.1858
1.2467
1.2154
1.2047
1.2213
1.2505
1.1887
1.2016
1.2954
1.1919
1.2411
1.2094
1.3621
1.2114
1.2232
1.2122
1.192
1.1944
1.2372
1.2036
1.2092
1.7946
1.2037
1.2023
1.1933
1.3652
1.201
1.1949
1.19
1.2281
1.2005
1.1921
1.245
1.3
1.2276
1.1937
1.1951
1.2083
1.2969
1.2859
1.1976
1.1926
1.2381
1.2009
1.208
1.2306
1.1979
1.3899
1.2259
1.1915
1.2105
1.2343
1.3215
1.193
1.2068
1.2382
1.1961
1.1985
1.199
1.2881
1.3296
1.1994
1.2248
1.225
1.2087
1.2644
1.268
1.2302
1.2073
1.1982
1.2053
1.2123
1.3526
1.501
1.2447
1.2101
1.1952
1.201
1.2112
1.3816
1.2099
1.215
1.2064
1.2485
1.2053
1.2634
1.219
1.2433
1.2045
1.2197
1.2086
1.1984
1.3999
1.2155
1.195
1.2168
1.2327
1.1998
1.285
1.1968
1.2072
1.1842
1.1805
1.1826
1.1733
1.1999
1.3331
1.1834
1.1772
1.1965
1.2227
1.2614
1.2042
1.2006
1.2413
1.2089
1.2827
1.2151
1.2443
1.1937
1.3461
1.1956
1.2424
1.224
1.5864
1.3528
1.2119
1.1914
1.2082
1.242
1.2052
1.2016
1.2271
1.3749
1.2241
1.2066
1.2022
1.3876
1.2117
1.2176
1.2005
1.2395
1.2094
1.2138
1.2142
1.2042
1.3657
1.2031
1.2152
1.1959
1.328
1.2131
1.2152
1.2061
1.2273
1.2058
1.2092
1.1971
1.2127
1.248
1.2968
1.2045
1.2182
1.3244
1.2009
1.2174
1.2004
1.234
1.2079
1.2001
1.1952
1.2157
1.2582
1.2976
1.2105
1.2021
1.7967
1.2122
1.2248
1.2214
1.2115
1.1967
1.244
1.1999
1.1873
1.2011
1.2597
1.3108
1.2885
1.2162
1.2036
1.228
1.2107
1.2007
1.1911
1.2475
1.2107
1.1972
1.2991
1.2015
1.3621
1.2664
1.1969
1.2407
1.2141
1.1967
1.1917
1.212
1.2338
1.1972
1.2048
1.1918
1.195
1.2412
1.3705
1.1913
1.1888
1.2331
1.1976
1.195
1.2136
1.2006
1.2416
1.2039
1.2065
1.1902
1.2246
1.3696
1.3831
1.2268
1.199
1.1967
1.2114
1.198
1.2406
1.1907
1.1868
1.2065
1.201
1.2253
1.3081
1.3158
1.2086
1.2352
1.206
1.1979
1.2143
1.2315
1.1949
1.2165
1.2025
1.1942
1.2533
1.418
1.2857
1.2283
1.1899
1.1812
1.1616
1.1847
1.2272
1.17
1.181
1.1817
1.1786
1.188
1.2763
1.2135
1.3503
1.246
1.2132
1.2025
1.2049
1.2014
1.2207
1.2165
1.2135
1.2033
1.2433
1.39
1.4737
1.3999
1.2065
1.2138
1.2154
1.2291
1.2098
1.1982
1.2012
1.2437
1.1994
1.2075
1.3072
1.2308
1.2103
1.3349
1.2157
1.2005
1.234
1.2079
1.2051
1.1979
1.244
1.2219
1.2033
1.2681
1.2459
1.1974
1.3344
1.2158
1.2279
1.2059
1.1999
1.2165
1.202
1.2208
1.2163
1.2353
1.6108
1.2093
1.2108
1.2044
1.3062
1.2039
1.1982
1.1975
1.2126
1.2461
1.1971
1.2131
1.2187
1.7594
1.2053
1.2417
1.2145
1.3281
1.1908
1.2253
1.2146
1.195
1.2045
1.216
1.2533
1.254
1.2002
1.2195
1.2159
1.2026
1.2663
1.2936
1.2376
1.2034
1.2604
1.2041
1.2073
1.2345
1.2263
1.2058
1.1892
1.2134
1.2163
1.1923
1.3441
1.2039
1.4487
1.2195
1.1965
1.2394
1.2003
1.2715
1.1945
1.1984
1.2297
1.206
1.198
1.2295
1.2737
1.2083
1.2179
1.1996
1.1972
1.2426
1.5703
1.4389
1.187
1.2057
1.2072
1.2216
1.2079
1.3132
1.1925
1.2225
1.2193
1.2047
1.2006
1.4406
1.2006
1.1969
1.206
1.2093
1.2366
1.2281
1.3431
1.1988
1.2436
1.2072
1.206
1.1941
1.4575
1.2012
1.1972
1.2103
1.238
1.21
1.1889
1.2074
1.3725
1.2005
1.2097
1.2117
1.1862
1.3093
1.2097
1.2054
1.2078
1.2604
1.1982
1.2014
1.2171
1.3647
1.1975
1.2066
1.2201
1.2318
1.3043
1.2141
1.2025
1.2159
1.2637
1.1901
1.2028
1.2058
1.2234
1.2926
1.2004
1.1982
1.2169
1.6487
1.2029
1.25
1.2034
1.1968
1.2135
1.1964
1.23
1.204
1.3249
1.2219
1.2347
1.4951
1.4929
1.2138
1.2187
1.203
1.2127
1.2264
1.1961
1.2125
1.2295
1.3028
1.1968
1.2086
1.3514
1.2308
1.2095
1.1976
1.1962
1.2297
1.1887
1.2002
1.2115
1.1957
1.2276
1.381
1.1877
1.312
1.2179
1.1707
1.1699
1.1798
1.1823
1.2052
1.1781
1.1762
1.1692
1.1764
1.2022
1.327
1.2793
1.2007
1.2527
1.2041
1.1999
1.2038
1.2124
1.2298
