6.95268e-310
6.95268e-310
14.4225
9.3014
8.2215
8.0989
7.0763
6.9856
6.356
7.0689
6.4273
6.5086
6.5838
5.9194
7.8399
6.4593
7.1009
6.1739
6.2541
7.2493
6.2983
6.3565
5.8507
6.1655
6.6561
6.3274
6.2323
6.2205
6.1899
7.0695
6.3044
6.6852
6.2067
6.2649
6.4465
6.1388
6.3006
6.0928
6.4604
6.4219
6.4516
6.6372
6.1109
6.3014
6.1322
6.3809
5.7795
6.4762
6.7304
6.2714
6.4723
5.8597
6.1946
6.2085
5.8697
5.5096
6.8174
5.7906
5.8332
5.8508
5.7485
6.8704
5.6955
5.7658
6.3223
5.6674
5.5957
6.0432
5.6222
5.581
6.5814
5.6771
6.1528
6.4401
5.878
6.2238
6.0166
6.125
6.3544
5.5613
6.7747
6.1432
5.6734
5.5535
5.8803
5.8118
5.6929
5.4093
6.0943
5.9394
5.2218
5.9689
5.8584
5.3917
5.2187
5.6042
5.2891
5.0719
5.527
5.1993
5.3233
5.13
5.6021
5.1103
5.2639
5.2802
5.4647
5.1076
5.001
5.0142
4.8714
4.8744
5.4307
4.927
4.5362
4.8375
4.2933
4.7225
4.6747
4.707
4.7462
4.4005
4.9593
4.3791
4.7022
4.4634
4.2316
4.2497
4.0976
4.8026
4.0463
4.3124
3.9437
4.8907
3.8982
4.1395
3.8492
4.5817
3.9365
4.0463
3.9973
4.4382
3.8807
4.2297
4.2111
4.3435
4.336
3.9089
4.5404
4.0717
4.0836
3.7071
4.2995
3.9566
4.1995
3.8951
4.8398
4.1973
4.1035
3.8069
4.2026
3.9784
4.2307
3.6715
4.4753
3.7899
4.1859
3.7136
4.1604
3.6828
3.8098
3.6839
3.7988
3.7771
3.9444
3.8304
4.2104
3.731
4.3999
3.7831
4.7879
3.9192
4.333
3.8597
4.3362
3.7963
4.2426
3.6825
4.0723
3.6688
4.0114
3.7628
4.0151
3.58
3.5123
3.6213
4.0669
3.7436
3.6793
3.7505
4.045
3.7227
3.5918
3.5642
4.0431
3.9395
3.5899
3.5111
3.4365
3.8201
3.3738
3.4347
3.4868
3.8285
3.3879
3.1864
3.6233
3.0117
3.2212
3.015
2.877
3.0842
2.8475
2.963
3.4072
2.9559
2.9042
3.3349
2.8913
3.1563
3.0293
3.1459
3.5134
3.0424
3.9588
3.0445
2.9548
3.3477
3.2653
3.6379
3.0342
3.4128
3.1715
3.4296
3.7293
3.2295
3.0978
3.0852
3.1649
3.0332
3.1
2.9858
3.006
3.4706
3.0453
3.1308
3.0161
2.9706
3.0289
3.275
2.986
2.8039
2.7531
2.6443
2.7536
3.0134
2.7822
2.5967
2.6733
2.6382
2.7736
2.609
2.6242
2.7973
2.5971
2.6895
3.5243
2.6142
2.6036
2.9295
2.5461
2.9197
3.1657
2.543
2.6139
2.5827
2.5623
2.772
2.678
2.6959
2.679
2.8168
2.6514
2.7658
2.6319
2.6139
2.56
2.7391
2.6373
3.1929
2.5954
2.6553
2.618
2.7175
2.6543
2.6922
2.7203
2.7125
2.7936
3.0974
3.0073
3.0546
2.9324
2.9875
2.9486
3.0763
3.0205
2.9181
2.9514
2.9081
3.0813
3.8297
3.7449
3.3914
3.1206
3.184
3.599
2.9419
2.9863
3.0288
3.1808
3.1637
2.9795
2.9634
2.968
2.9589
3.5204
2.9422
2.9403
3.0299
2.9037
3.3888
2.8549
2.892
2.906
2.9565
2.918
3.1433
2.8802
2.8264
2.8294
2.858
3.1279
2.9743
2.8143
2.7909
2.8341
2.8117
3.0752
2.7739
2.7624
2.7481
2.7118
2.9755
2.972
2.6789
2.6666
2.7091
2.7119
2.7972
2.8593
2.7057
2.7281
2.7191
2.6671
3.2254
2.9187
2.745
2.7591
2.7353
2.7944
2.6308
2.7152
2.563
2.5445
2.5725
2.59
3.3604
2.7208
2.6494
2.643
2.625
2.7823
2.8118
2.8329
3.0181
2.8601
2.8339
3.0477
2.8219
3.0226
2.9149
2.9544
3.0331
2.9583
3.0205
3.0881
2.9756
2.9216
3.3811
2.8957
2.9327
2.7306
2.8549
2.9348
2.9583
3.0275
3.1922
3.0384
3.2364
3.075
3.0496
3.1343
3.0167
3.1526
2.9437
3.0143
2.9914
3.0376
2.8989
3.3448
2.9623
2.9507
3.1261
3.0329
3.1591
3.0491
3.0526
3.0527
3.1725
3.2215
3.1229
3.1222
3.0592
3.2302
3.0982
2.9616
2.9776
2.9065
2.9578
3.3778
3.1808
3.0626
3.1402
3.0839
3.2451
3.0442
3.0158
2.9821
2.9338
3.0019
2.9659
2.8218
2.8718
2.8129
2.7909
3.2081
2.8386
2.7976
2.737
2.7079
2.7167
3.248
2.7798
2.8717
2.8821
2.8835
2.9476
3.1439
3.0249
3.0362
3.0248
2.9958
3.1421
2.9651
2.9317
2.8991
2.9573
3.0161
2.9934
2.7913
2.7904
2.7989
2.7103
3.233
2.8239
2.7655
2.6963
2.6841
2.7071
2.6492
2.7187
2.6289
2.698
2.7071
2.7802
2.6594
2.7944
2.6625
2.6018
2.5935
2.6898
2.6048
2.8599
2.7742
2.8789
2.6579
3.0609
2.6015
2.8027
2.6457
2.6392
2.6425
2.7267
2.6311
2.7275
2.6683
2.5518
2.4932
2.5275
2.4652
2.5081
2.6648
2.4353
2.428
2.5055
2.273
2.1874
2.1391
2.2131
2.0939
2.0786
2.0758
2.6391
2.1766
2.22
2.3829
2.3748
2.4446
2.4777
2.2097
2.3115
2.3344
2.447
2.3548
2.3254
2.5719
2.3296
2.2574
2.176
2.2372
2.4205
2.3178
2.5344
2.4214
2.4442
2.462
2.6175
2.3967
2.6764
2.8576
2.426
2.4433
2.3713
2.4633
2.3504
2.462
2.3026
2.2661
2.2475
2.2828
2.2904
2.167
2.2507
2.2628
2.3277
2.3359
2.3818
2.4526
2.4011
2.5292
2.3983
2.3817
2.429
2.4631
2.5482
2.8862
2.3974
2.3498
2.437
2.4305
2.4563
2.6395
2.4318
2.4555
2.4087
2.4311
2.3963
2.4599
2.6963
2.4848
2.4515
2.4842
2.4783
2.525
2.706
2.6677
2.698
2.6491
2.632
2.6185
3.1164
2.6246
2.6618
2.6383
2.531
2.5828
2.6253
2.6505
2.5886
2.5756
2.669
2.6418
2.7262
2.7287
2.6013
2.5469
2.6429
2.7033
2.7703
2.6753
2.4923
2.4201
2.4204
2.4279
2.3937
2.9831
2.5685
2.3837
2.3947
2.4158
2.4112
2.4834
2.4277
2.5916
2.3988
2.3561
2.3226
2.3442
2.5775
2.1534
2.2459
2.2901
2.1902
2.1858
2.2033
2.3361
2.2593
2.3929
2.3252
2.3258
2.2924
2.5274
2.635
2.316
2.4353
2.3156
2.292
2.3112
2.4856
2.2778
2.3852
2.4534
2.3187
2.3214
2.3372
2.7188
2.3311
2.3459
2.4562
2.3762
2.4116
2.5479
2.4292
2.4579
2.5369
2.6958
2.5732
2.5825
3.2723
2.6501
2.645
2.7958
2.6238
2.7222
2.6114
2.5934
2.6128
2.7804
2.6644
3.266
2.6728
2.5889
2.5494
2.6335
2.4772
2.7661
2.4856
2.4439
2.402
2.4209
2.5655
2.3651
2.4267
2.3389
2.3268
2.368
2.3247
2.4567
2.7819
2.3734
2.4087
2.4221
2.4526
2.5725
2.4917
3.1196
2.5034
2.5044
2.4144
2.458
2.6144
2.7446
2.4592
2.4336
2.4295
2.4166
2.384
2.9944
2.4127
2.4408
2.464
2.486
2.4627
2.6116
2.4787
2.3736
2.4036
2.4083
2.4293
2.4423
3.1406
2.585
2.4042
2.4493
2.4232
2.5006
2.7693
2.4436
2.4527
2.4694
2.4765
2.4806
2.4461
2.7809
2.4343
2.3356
2.3994
2.3951
2.3829
2.7524
2.5096
2.3406
2.3026
2.2901
2.2715
2.2505
2.8118
2.3261
2.2568
2.2338
2.1834
2.1659
2.1358
2.2465
2.3036
2.1545
2.0938
2.0359
2.0231
2.015
2.0919
2.006
2.1493
2.017
2.0235
2.1532
2.1344
2.1314
2.263
2.1136
2.2004
2.1093
2.0769
2.0523
2.0727
2.1705
2.4784
2.0636
2.2024
2.0248
2.0132
1.9436
1.8851
1.9723
1.8499
1.8314
1.971
1.8393
1.8125
1.8067
1.8484
1.8125
2.0022
1.8517
1.8585
1.9943
1.8762
1.9109
1.9325
1.8906
1.9237
1.7693
1.7378
1.7466
1.9135
1.7677
1.8139
1.84
1.8764
2.4964
1.9009
1.9011
1.9145
2.0469
1.9668
1.9751
2.0636
2.1007
2.0366
2.0872
2.1015
2.2125
2.0685
2.0467
2.2541
2.0021
2.004
2.0001
2.0333
2.1729
2.0497
1.9878
2.2168
2.1074
2.1297
2.1174
2.0309
2.1663
2.0232
2.0262
2.6317
2.009
1.9932
1.9988
1.9873
2.0916
1.9336
2.0296
1.8883
1.8776
1.8716
1.886
1.9316
2.1104
2.0051
2.0765
1.9875
1.9768
1.9511
1.92
1.9155
1.948
2.1013
2.0721
2.0048
1.9892
2.0289
1.911
1.852
1.8275
1.9208
1.8219
2.4251
1.8085
1.8071
1.8423
1.7714
1.8058
1.7899
1.9111
1.8826
1.7908
1.7903
1.7965
1.7599
1.7578
1.7319
1.7275
1.8025
1.8581
1.7726
1.8331
1.8709
1.8893
1.8966
1.8625
1.8457
2.0031
2.1571
1.9533
1.9564
1.9711
1.9347
2.0348
2.0854
2.1414
2.6254
2.0765
2.0547
1.972
1.9558
1.878
1.8985
2.0245
2.0671
1.9364
1.9579
1.9382
1.9208
1.8984
2.0657
2.0665
2.1078
2.0225
2.0221
2.0611
1.9931
1.9126
1.9376
2.0605
2.1142
1.9586
1.9478
1.9458
1.9075
2.0105
1.9468
2.3776
2.2285
2.0214
2.0043
1.9825
1.9686
1.9324
1.9076
2.1544
1.96
2.1456
2.1116
2.1322
2.1292
2.1813
2.1898
2.5106
2.204
2.0678
1.9992
1.9722
1.9981
1.9874
2.066
1.9589
1.9726
2.1119
1.9455
1.9165
1.8923
1.8901
2.4664
1.9859
1.9702
2.031
1.9266
1.9407
1.9908
1.99
2.1213
1.9564
1.9203
2.0377
1.9023
1.9307
1.8671
1.8376
2.0428
1.7293
1.7198
1.6912
1.8364
1.7067
1.7012
1.6728
1.6904
1.8186
1.725
1.773
1.7846
1.8637
2.0456
1.9016
1.9377
1.9626
2.8341
1.9434
1.9666
1.9115
2.0301
1.8646
1.8251
1.8183
1.908
1.7679
1.7048
1.7072
1.754
1.9097
1.8022
1.7874
1.784
2.0493
1.7648
1.7536
1.7089
1.7139
1.835
1.6657
1.6859
1.6838
1.7797
1.6632
1.6697
1.6885
1.667
1.6205
1.7447
1.6905
1.7425
2.3769
1.8274
1.8536
1.9111
1.9785
1.9799
2.0771
1.9554
2.0731
2.0206
2.0272
2.039
2.0602
2.0705
2.1464
2.0138
2.12
2.0161
1.9662
1.9744
1.9959
2.0312
2.1285
1.9676
2.5213
2.0293
2.0165
2.0808
2.0599
2.06
2.1993
2.7147
2.0969
2.1044
2.1593
2.1342
2.0948
2.0055
2.156
1.9681
1.8349
1.8129
1.7492
1.7322
1.6707
1.6814
1.7014
1.9206
1.6844
1.7757
1.7893
1.768
1.7216
1.6967
1.6949
1.6935
1.7359
1.7768
1.6741
1.6766
1.6772
1.7049
1.7042
1.6714
1.6386
1.7033
2.2354
1.6679
1.7274
1.7221
1.7591
1.7409
1.7798
1.8313
1.8389
2.16
1.7704
1.7253
1.7142
1.7973
1.8199
1.8097
1.7191
1.6972
1.7733
1.8611
1.716
1.7592
1.7432
1.7274
1.8035
1.7829
1.7761
1.8694
1.8502
1.7213
1.6971
1.9357
1.7994
1.8498
1.8474
1.9572
3.028
2.3696
2.0708
1.979
1.936
1.9096
1.8243
2.2447
1.8165
1.9642
1.8458
1.8908
1.9043
1.9016
1.8673
1.9996
1.8611
1.8555
1.9861
1.8386
1.8128
1.7644
1.7168
1.6915
1.7341
1.6058
1.6025
1.696
1.591
1.6393
1.6797
1.6366
1.6342
1.607
1.7431
1.6312
1.6239
1.809
1.6632
1.6387
1.6323
1.6921
1.7034
1.899
1.7844
1.833
1.8736
2.0199
1.8782
1.838
1.8861
1.9733
1.8522
1.7451
1.7528
1.7433
1.8274
1.668
1.6656
1.6631
1.672
2.2844
1.696
1.7154
1.7621
1.9324
1.802
1.8261
1.858
1.9556
1.8435
1.7875
1.7877
1.7307
1.8867
1.7576
1.726
1.6868
2.2426
1.9479
1.7229
1.729
1.6935
1.7457
1.6351
1.6822
1.666
1.9207
1.716
1.733
1.7158
1.7072
1.7066
1.8173
1.7347
1.7177
2.2936
1.7572
1.6937
1.6331
1.6162
1.5877
1.5332
1.6648
1.5847
1.6169
1.8136
1.6332
1.7552
1.7015
1.9496
1.9106
1.8297
1.6805
1.6535
1.6976
1.5616
1.5238
1.5251
1.5461
1.5803
1.5926
1.6213
1.6449
1.5603
1.6935
1.4269
1.3854
1.3932
1.4266
1.4683
1.4814
1.4405
1.4818
1.5953
1.5632
2.0206
1.4871
1.5039
1.5211
1.542
1.5095
1.5428
1.5228
1.611
1.444
1.5534
1.4238
1.4655
1.5003
1.5178
1.5565
1.6051
1.6391
1.609
1.7858
1.7314
1.622
1.6181
1.6429
1.6337
1.6172
1.6215
1.6117
1.5748
1.7879
1.8048
1.6178
1.5911
1.5948
1.6445
1.6704
1.7375
1.6331
1.6426
2.0942
1.6625
1.6644
1.655
1.659
1.6579
1.6919
1.6786
1.7278
1.8836
1.9491
1.7796
1.7612
1.7539
1.7906
1.8078
1.8234
1.8071
1.882
1.8579
1.7664
1.7326
1.7272
1.7027
1.7215
1.6813
1.6729
1.7712
1.7909
1.8162
1.7698
1.7313
1.7104
1.6703
1.7192
1.7581
2.0551
1.9522
1.8578
1.7078
1.7125
1.6897
1.6785
1.6921
1.696
1.801
1.6794
1.8015
1.7102
1.7083
1.6743
1.6601
1.6904
1.7073
1.6775
1.8211
1.6805
1.6449
1.5067
1.5313
1.5196
1.5014
1.4981
1.4965
1.5186
1.6832
1.5821
1.5639
1.6391
1.555
1.5777
1.5547
1.5421
1.5101
1.5252
2.1429
1.5575
1.5603
1.6675
1.5586
1.585
1.6149
1.6249
1.6167
1.5792
1.7915
1.6408
1.664
1.7686
1.6272
1.5968
1.5242
1.5567
1.5068
1.628
1.5297
1.4984
1.4635
1.4877
1.5935
1.5077
1.5123
1.5508
1.5485
1.5481
1.5925
1.4921
1.4364
1.3816
1.3478
1.4516
1.3583
1.3463
1.3289
1.3208
1.3252
1.6837
1.5304
1.3363
1.306
1.2842
1.2427
1.3543
1.3975
1.2911
1.2901
1.3106
1.3343
1.5243
1.3851
1.3976
1.4475
1.4749
1.461
1.5825
1.4129
1.4157
1.3995
1.3588
1.9561
1.8664
1.2886
1.3002
1.2896
1.2564
1.2563
1.3433
1.2691
1.2274
1.2063
1.2052
1.2711
1.2205
1.2253
1.2373
1.2352
1.2639
1.2682
1.2461
1.4075
1.2897
1.3033
1.3296
1.8257
1.4103
1.35
1.3796
1.3634
1.406
1.4208
1.4129
1.5338
1.4104
1.3603
1.8018
1.5294
1.3395
1.3312
1.3037
1.2532
1.2032
1.1834
1.1759
1.3295
1.1639
1.1688
1.2776
1.1798
1.1814
1.2243
1.2406
1.1839
1.1569
1.1451
1.1152
1.1109
1.1357
1.326
1.1817
1.3102
1.3433
1.2994
1.2989
1.3039
1.2802
1.3184
1.3083
1.2409
1.2264
1.225
1.3648
1.2648
1.7225
1.3156
1.2574
1.2119
1.2148
1.2413
1.2263
1.2188
1.2138
1.2214
1.209
1.3605
1.2641
1.7058
1.4376
1.2918
1.3203
1.3711
1.3932
1.3572
1.3726
1.3852
1.3928
1.5042
1.4674
1.3808
1.3568
1.3239
1.2878
1.2879
1.2931
1.2814
1.2659
1.2887
1.3228
1.3299
1.5941
1.3656
1.3707
1.3715
1.3668
1.3565
1.3711
1.3796
1.3563
1.3343
1.3192
1.2731
1.8017
1.308
1.3114
1.2979
1.2786
1.3455
1.3513
1.3837
1.3739
1.3347
1.3654
1.4796
1.5486
1.3844
1.3539
1.4922
1.426
1.4569
1.4489
1.4676
1.4668
1.4407
1.5447
1.5615
1.4123
1.381
1.3724
1.3556
1.3838
1.4106
1.4445
1.4604
1.4886
1.75
1.4748
1.5908
1.4749
1.4511
1.4401
1.4121
1.4006
1.4024
1.3647
1.3781
1.8314
1.4836
1.5381
1.3361
1.3092
1.2942
1.2892
1.2627
1.2936
1.2924
1.2391
1.2441
1.2921
1.2448
1.2934
1.4243
1.3361
1.3054
1.283
1.2758
1.2789
1.2674
1.2599
1.2649
1.4677
1.2507
1.3051
1.2783
1.3221
1.2296
1.189
1.1903
1.1743
1.1975
1.1871
1.2134
1.2322
1.3993
1.2537
1.242
1.2471
1.3893
1.2531
1.2619
1.2525
1.2228
1.1931
1.2679
1.1468
1.1474
2.1844
1.6699
1.1701
1.1687
1.3173
1.1689
1.1813
1.1698
1.2038
1.2488
1.2809
1.3043
1.5987
1.3074
1.3528
1.3307
1.3987
1.363
1.2741
1.2654
1.3058
1.3349
1.3761
1.4935
1.42
1.4236
1.4261
1.4467
1.4792
1.5305
1.3901
1.3772
1.3987
1.3957
1.4565
1.3481
1.3264
1.3464
1.2624
1.3032
1.3186
1.4639
1.2568
1.2658
1.2527
1.2291
1.2217
1.8076
1.2475
1.2616
1.2847
1.2822
1.2988
1.3987
1.2798
1.2592
1.2136
1.1859
1.1925
1.2614
1.1522
1.1536
1.1761
1.1838
1.1585
1.1689
1.1688
1.3251
1.1328
1.1269
1.1526
1.1942
1.3021
1.1908
1.1681
1.2444
1.1377
1.1134
1.1173
1.1099
1.1052
1.2933
1.1481
1.1496
1.1473
1.1656
1.2646
1.1781
1.1864
1.1861
1.1745
1.1335
1.1389
1.1127
1.1149
1.1184
1.2485
1.1039
1.105
1.1139
1.5735
1.1067
1.1238
1.1163
1.0938
1.0576
1.0461
1.0521
1.0626
1.063
1.2018
1.0617
1.0816
1.067
1.1296
1.0686
1.0723
1.0553
1.0553
1.0554
1.0542
1.0577
1.0608
1.064
1.0554
1.0539
1.2125
1.0528
1.0576
1.1395
1.0512
1.0491
1.0686
1.0614
1.0567
1.062
1.0473
1.0606
1.0574
1.0673
1.0554
1.1897
1.0728
1.0468
1.3112
1.0476
1.0465
1.0445
1.0633
1.078
1.0826
1.1116
1.1001
1.0737
1.0562
1.0521
1.0175
1.1925
1.0106
1.1445
1.0026
0.9812
0.9675
0.9446
0.9591
0.9219
0.9355
0.9478
0.9159
1.0062
0.9077
0.9196
0.9419
0.9486
1.0549
1.0126
0.9311
0.9344
0.9462
0.9768
0.9536
0.9804
0.996
0.989
0.9938
0.9813
0.962
0.973
0.9457
0.9228
0.914
1.0149
0.9879
0.8712
0.8569
0.8497
0.8553
0.8602
0.8791
0.9133
0.9066
0.9084
0.9224
0.9043
0.9029
0.9141
0.8831
0.8796
0.8864
1.0334
1.0375
0.8964
0.8662
0.8685
0.8924
0.8894
0.9176
0.9545
0.9338
0.923
0.9535
0.9505
0.9535
0.994
0.9901
1.0163
1.4618
1.168
1.0498
1.0609
1.0663
1.0737
1.0737
1.0495
1.0439
1.0372
1.0401
1.023
1.0201
1.0204
1.0411
1.4379
1.1642
0.9877
1.01
1.0077
1.0138
1.0212
1.028
1.0348
1.0331
1.0384
1.0519
1.0506
1.0621
1.0223
1.1568
1.0363
1.1665
1.061
1.0449
1.0374
1.0802
1.1593
1.0722
1.045
1.0313
1.0522
1.0381
1.0735
1.0338
1.2184
1.0747
1.1893
1.0713
1.0398
1.0478
1.0333
1.0224
1.0297
1.0369
1.0442
1.0594
1.0784
1.062
1.0573
1.7633
1.0967
1.1059
1.0653
1.0143
0.9997
1.0143
1.0238
1.0295
1.0088
0.9978
0.9531
1.0706
0.9829
0.9686
1.3254
0.916
0.8914
0.8756
0.9804
0.8191
0.8146
0.8097
0.8033
0.7921
0.8025
0.801
0.7897
0.8003
0.7959
0.7681
0.74
0.7366
0.8166
0.7861
0.7445
0.7479
0.7345
0.716
0.7442
0.8906
0.7519
0.7532
0.7587
0.7579
0.7592
0.7347
0.7256
0.7447
0.7363
0.7372
0.7575
0.7689
0.7632
0.8379
1.7347
0.924
0.822
0.8207
0.8393
0.9889
0.8681
0.8861
0.9049
0.9207
0.9336
0.9353
0.934
0.9521
0.9677
1.0066
1.21
1.0175
0.9749
0.9758
0.9842
0.976
1.0805
0.9743
0.9561
0.9362
0.8941
0.8357
0.812
0.7946
0.7811
0.7928
0.7813
0.919
0.799
0.8141
0.8404
0.8648
0.8707
0.8607
0.8799
0.8709
1.1081
0.9092
0.9053
0.8677
0.8325
0.802
0.807
0.8123
0.8417
0.8423
1.3304
0.8473
0.8526
0.8439
0.8626
0.8648
0.8612
0.8656
1.02
0.8682
0.8507
0.853
0.8646
0.8521
0.8676
0.873
0.8543
0.9194
1.163
0.86
0.8693
0.8559
0.8368
0.8575
0.855
0.86
0.8736
1.0002
0.8814
0.8951
0.9275
0.9313
0.9349
0.9355
0.9313
1.0348
0.9609
0.9648
0.9443
0.957
0.9768
0.9662
0.9446
0.9178
0.9176
1.0893
0.9436
0.9541
0.9642
0.9611
0.9642
1.0366
0.9812
0.9225
0.9
0.9066
0.9383
0.9386
0.9312
0.9142
0.9155
0.9212
1.0548
0.9498
0.9683
0.975
0.9808
1.0082
1.423
1.1391
1.0104
1.0165
1.023
1.0259
1.0294
1.0516
1.0479
1.0305
1.1014
1.03
1.0536
1.0389
1.0498
1.1522
1.0577
1.0643
1.086
1.1078
1.1553
1.1583
1.2034
1.2289
1.2854
1.4476
1.2955
1.4015
1.3451
1.2634
1.2401
1.2389
1.2344
1.2189
1.2079
1.2045
1.1868
1.1716
1.2698
1.1238
1.1302
1.2239
1.081
1.0886
1.1258
1.1344
1.1295
1.1256
1.1298
1.104
1.0663
1.0189
1.0146
1.104
0.9968
0.9765
1.3757
1.17
1.0007
0.9936
0.9911
1.0127
1.0398
1.0493
1.102
1.0659
1.0572
1.076
1.0315
1.2413
1.053
1.1619
1.0815
1.0756
1.0606
1.0404
1.0218
1.0071
0.9966
0.9929
0.988
0.9789
0.9616
0.9315
0.9053
1.0048
0.8665
1.0562
0.8576
0.8664
0.874
0.9127
0.9133
0.9217
0.9102
0.8916
0.8644
0.866
0.8454
0.8404
0.8338
0.834
0.8571
0.8588
1.0327
1.0552
0.902
0.8879
0.8917
0.9017
0.895
0.8975
0.8992
0.9111
0.8945
0.8841
0.8881
0.9027
0.8772
0.8823
0.9082
0.9395
1.629
1.0279
0.9357
0.899
0.9245
0.9898
0.9303
0.9285
0.9498
0.961
0.9559
0.9514
0.942
0.9349
0.9366
0.958
1.119
1.0639
0.9469
0.9315
0.9264
0.9103
0.9126
0.9219
0.9256
0.9197
0.8926
0.8775
0.8663
0.8846
0.8788
0.9001
0.9055
0.9216
0.8979
1.039
0.8575
0.8427
0.8658
0.8986
0.9034
0.8704
0.8397
0.8233
0.829
0.8192
0.8247
0.8526
0.8799
0.8886
0.9217
0.9202
1.0345
1.0225
1.0338
0.9632
0.9593
0.9345
0.9256
0.9116
0.9099
0.8977
0.8799
0.9003
0.9225
0.922
0.9062
0.9415
0.945
1.4833
0.9704
1.1118
0.9637
0.9584
0.9639
0.9805
1.0004
0.9864
0.9609
0.9483
0.9358
0.9406
0.9588
0.9511
1.0076
1.0557
0.9929
0.9988
1.1284
0.9875
0.9846
0.9467
0.9596
0.9547
0.9297
0.924
0.9283
0.9191
0.9194
0.9178
0.9132
1.0997
0.8623
0.8712
0.8562
0.9967
0.8505
0.8373
0.8421
0.8809
0.9006
0.9022
0.8923
0.8805
0.9645
0.8377
0.8795
0.8994
0.9156
1.0384
0.9189
0.9115
0.919
0.9416
1.0608
0.9468
0.9537
0.9472
0.9769
0.9882
0.9972
0.9882
0.9697
0.9592
1.3175
1.0995
0.8846
0.8903
0.8874
0.8712
0.8548
1.029
0.864
0.8413
0.8065
0.8185
0.8315
0.8555
0.8434
0.8808
0.9214
0.957
1.0161
0.9166
0.9052
0.9257
0.9285
0.9608
0.93
1.0496
0.9403
0.9288
0.9213
0.8928
0.8868
0.8949
0.9187
0.9309
0.9102
1.1196
0.9372
0.9223
0.9075
0.8559
0.8266
0.8261
0.8517
0.9424
0.9105
0.8414
0.8347
0.8582
0.8506
0.8735
0.8844
0.9109
0.9011
1.1207
0.8655
0.8616
0.8794
0.8885
0.8628
0.8419
0.8517
0.8408
0.9396
0.8344
0.8305
0.8197
0.8088
0.8225
0.8387
0.8484
0.8328
1.1866
0.9609
0.8498
0.8407
0.8325
0.8486
0.8184
0.7924
0.81
0.7854
0.7773
0.9238
0.7973
0.7992
0.7822
0.7966
0.7647
0.7478
0.7633
0.8746
0.8267
0.8027
0.7824
0.8411
0.7448
0.7242
0.7064
0.7237
0.752
0.7666
0.8
0.8253
0.9738
0.8435
0.9244
0.9051
0.9192
0.8142
0.8279
1.2323
0.8977
0.8805
0.8683
0.8616
0.8574
0.8429
0.8587
0.8487
0.8497
0.8675
0.9108
0.933
0.8543
0.8361
0.8361
0.8332
0.8055
0.8917
0.7789
0.7931
0.8018
0.8087
0.8325
0.8205
0.8309
0.8465
0.8418
0.8636
0.8618
0.8802
1.0322
0.9306
0.8981
0.9007
0.8826
1.1783
1.278
0.9413
0.9603
0.9155
0.8807
0.8528
0.883
0.8933
0.8924
0.8745
0.8808
0.8955
1.0031
0.8806
0.8616
0.8457
0.9621
0.867
0.8629
0.8358
0.8471
0.8411
0.8524
0.8681
0.8563
0.857
0.8798
0.9026
0.8983
0.914
0.8986
0.9865
0.8766
0.8344
0.8852
0.9383
0.8507
0.8731
0.8578
0.8463
0.8559
0.8413
0.8128
0.8198
0.8399
0.8391
0.847
0.8675
0.8801
0.8905
1.0528
0.8832
0.8861
0.9971
0.8818
0.8576
0.8542
0.8379
0.8424
0.8296
0.8296
0.8471
0.8677
0.8476
0.9645
0.8715
0.8814
0.8904
0.9162
1.0465
0.9391
1.5036
0.918
0.8885
0.8782
0.8937
0.9114
0.9398
0.9823
0.99
0.9766
0.9811
0.9771
0.9863
0.9507
0.9411
1.1159
1.2185
0.972
0.9697
0.9622
0.9641
0.9667
0.9839
0.9593
0.941
0.9394
0.9178
0.914
0.9119
0.9472
0.971
0.9742
1.1726
0.9527
0.9524
0.9456
0.9079
0.9014
0.8872
0.8745
0.8744
0.8819
0.8953
0.9192
0.9379
0.9466
0.9545
0.9024
0.9094
0.9862
1.0259
0.8946
0.8714
0.8579
0.8489
0.8564
0.8492
0.8422
0.8341
0.8298
0.8242
0.8264
0.798
0.7871
0.7589
0.7378
0.7472
0.7357
0.7378
1.2474
0.885
0.726
0.742
0.7439
0.7479
0.7642
0.7501
0.746
0.7311
0.7292
0.7186
0.723
0.6981
0.7004
0.6947
0.7003
0.7111
0.7409
0.7507
0.7311
1.0266
0.755
0.8869
0.7551
0.7316
0.7734
0.7667
0.7781
0.7954
0.7919
0.8368
0.8465
0.8476
0.8352
0.8151
0.7746
0.7812
0.8072
0.8344
0.9293
0.9347
0.8024
0.9297
0.8364
0.819
0.8228
0.8296
0.802
0.8114
0.8491
0.8431
0.8123
0.803
0.8196
0.825
0.8432
0.8524
0.8419
1.0164
0.8354
0.8512
0.8732
1.0393
0.8721
0.8833
0.8876
0.8418
0.8262
0.8626
0.9108
0.9331
0.9361
0.9286
0.9349
0.9191
0.8974
1.3597
0.9015
0.8967
0.8895
1.0229
0.8904
0.8958
0.9057
0.8998
0.8966
0.8797
0.8977
0.8925
0.9024
0.8761
0.8519
0.8136
0.9171
0.8051
0.7943
0.7983
0.7968
0.8196
0.9652
0.8336
0.7907
0.7836
0.7832
0.7847
0.7576
0.7462
0.7092
0.6865
0.6923
0.686
0.6922
0.6994
0.7105
0.796
0.7103
0.7315
0.7381
0.7599
0.7605
0.7669
0.9151
0.7244
0.7028
0.6794
0.7017
0.7197
0.7098
0.714
0.7152
0.7094
0.7197
0.7099
0.7281
0.7564
0.7529
0.8498
0.7711
0.7724
0.7738
0.7687
0.7908
0.7823
0.956
0.7869
0.7936
0.8046
0.8239
0.8247
0.8271
0.8284
0.8533
0.8402
0.8434
1.2961
0.8524
0.7842
0.7619
0.763
0.8092
0.8382
0.7712
0.7922
0.9796
0.8171
0.7897
0.7857
0.7697
0.7888
0.7743
0.7947
0.7847
0.754
0.8917
0.7793
0.7694
0.752
0.7677
0.7707
0.8011
0.8053
0.7906
0.7768
0.784
0.9782
0.8004
0.835
0.8474
0.8427
0.8489
0.861
0.8841
0.8983
1.1051
0.9185
0.8879
0.9139
0.9075
0.8987
0.8805
0.8718
0.8625
0.8431
0.9831
0.8101
0.7986
0.798
0.7788
0.778
0.7741
0.7958
0.9212
0.8314
0.8522
0.8144
0.8226
0.85
0.8737
0.889
0.8725
0.8812
0.8872
0.9748
0.9358
0.9155
0.941
0.9156
0.9023
0.8874
1.4643
0.9324
0.9061
0.8739
0.8549
0.8411
0.8415
0.8036
0.8048
0.7918
0.781
0.7689
0.8902
0.742
0.7302
0.7462
0.7386
0.7288
0.7074
0.8308
0.9668
1.3659
0.8153
0.778
0.7841
0.7948
0.7775
0.7668
0.7509
0.7397
0.7372
0.6859
0.6885
0.7773
0.6832
0.6794
0.6758
0.7053
0.7085
0.918
0.7518
0.7324
0.7063
0.6897
0.7117
0.7294
0.7535
0.7621
0.7795
0.7859
0.7736
0.7665
0.7731
0.8021
0.7806
0.8524
0.7653
0.7522
0.7748
0.8935
1.0163
0.8263
0.8227
0.8111
0.8039
0.7577
0.7344
0.7302
0.7417
0.7697
0.7835
0.7747
0.7528
0.75
0.7248
0.7039
0.8146
0.6924
0.6822
0.7053
0.7261
1.3187
0.7313
0.7043
0.6981
0.6944
0.6682
0.659
0.6653
0.6866
0.6994
0.7109
0.7301
0.7521
0.7718
0.7645
0.747
0.7661
0.7629
0.832
0.7492
0.7517
0.8499
0.7585
0.7593
0.7508
0.7608
0.7736
0.7865
0.7721
0.746
0.7192
0.731
0.7199
0.7332
0.7492
0.753
0.7353
0.7273
0.7424
0.7703
0.9031
0.7683
1.0506
0.7735
0.7734
0.7683
0.7623
0.7555
0.7527
0.7284
0.7423
0.7543
0.7778
0.7858
0.8078
0.8207
0.8132
0.7997
0.854
0.8977
1.0257
1.0015
0.8929
0.8825
0.9049
0.9209
0.88
0.8625
0.8478
0.8173
0.8112
0.809
0.8486
0.8505
0.8638
0.9019
0.8863
0.8801
0.8723
1.1595
1.2201
0.8647
0.8701
0.8965
0.9428
0.9641
0.9787
1.0202
1.0031
0.9975
0.9509
0.9348
0.8844
0.8534
0.8559
0.8888
1.0377
0.8897
0.8204
0.81
0.813
0.8108
0.7935
0.8769
0.7656
0.7577
0.7652
0.7845
0.7883
0.8082
0.8156
0.8282
0.8307
0.8222
0.8409
0.8452
1.4468
0.8657
0.8696
0.8661
0.8732
0.8666
0.8605
0.8363
0.8363
0.8335
0.8276
0.835
0.8349
0.8749
0.9006
0.916
0.9246
0.9944
0.908
1.0612
0.8878
0.8767
0.8692
0.8945
0.909
0.9221
0.9431
0.9492
0.9295
0.9197
0.9001
0.8573
0.8409
0.8509
0.8503
1.4135
0.8984
1.0073
0.8787
0.9052
0.9276
0.9229
0.9321
0.9339
0.9591
0.9996
0.9981
1.0138
1.059
1.0751
1.0838
1.2915
1.1114
1.2096
1.1127
1.0746
1.0279
1
0.9965
0.9595
0.941
0.9378
0.9339
0.8945
0.8903
0.8941
0.8949
1.0191
0.8655
0.8856
0.9017
1.0236
0.922
0.9571
0.9391
0.9286
0.9333
0.9412
0.9623
0.9884
0.9807
0.9373
0.9163
1.01
1.0737
0.9807
0.9715
0.9708
1.0675
0.9346
0.9033
0.8557
0.8166
0.7776
0.7969
0.8093
0.8021
0.9103
0.8353
0.8247
0.8076
0.9867
1.2232
0.8808
0.9013
0.8861
0.9082
1.0362
0.9111
0.9278
0.966
0.9761
1.0149
1.0612
1.075
1.036
1.0401
1.2501
1.093
1.1254
1.1491
1.1166
1.1633
1.2449
1.1533
1.119
1.0631
1.0576
1.0722
1.092
1.0964
1.1503
1.0741
1.0745
1.0944
1.1096
1.076
1.0422
1.2343
1.0614
1.0585
1.0527
1.0532
1.0417
1.0191
1.001
1.082
0.974
0.9801
0.9652
0.9566
0.9695
0.9884
1.0235
1.2073
1.0462
1.034
1.0252
1.0109
1.0065
0.9971
0.9481
1.2313
1.1135
0.8704
0.8874
0.8929
0.8774
0.8751
0.8676
0.844
0.9924
0.836
0.8261
0.8124
0.818
0.8135
0.8118
0.8451
0.8419
0.9378
0.8236
0.8357
0.8282
0.8089
0.7965
0.8233
0.8115
0.8134
0.7816
0.7833
0.9516
0.8075
0.7814
0.7665
0.7717
0.7393
0.7024
0.6984
0.7054
0.8138
0.7239
0.7243
0.7343
0.8391
0.7519
0.7461
0.7851
0.7948
0.7997
0.7901
0.7871
0.9599
0.8188
0.7935
0.7718
0.7494
0.7505
0.7513
0.7335
0.7333
0.9345
0.7734
0.7991
0.8162
0.8021
0.7806
0.7583
0.7974
0.8561
0.8185
0.7792
0.7637
0.9606
0.7715
0.8089
0.8169
0.8064
0.8066
0.8108
1.1167
1.1326
0.8266
0.8254
0.8434
0.868
0.8534
0.8446
0.8713
0.8493
0.8562
0.8766
0.9954
0.9096
0.9022
0.8944
0.9043
0.9215
0.9929
0.8837
0.8837
0.8765
0.8864
0.9003
0.8882
0.8756
0.87
0.8823
0.8926
0.859
0.8166
0.8777
0.8116
0.8226
0.8634
0.8596
0.9471
0.862
0.8678
0.8727
0.8578
0.8444
0.8497
0.8567
0.8675
0.9003
0.9205
0.94
0.9906
1.0415
1.1593
1.0281
1.0397
1.152
1.0438
1.0235
1.0076
0.9901
0.9833
0.9462
0.97
0.9535
0.9279
0.9245
0.9247
0.9368
1.0602
1.013
0.9648
1.279
1.0877
0.8794
0.8654
0.8714
0.8605
0.914
0.9439
0.9881
1
1.1098
0.9949
1.0379
1.0424
1.2081
1.0558
1.1827
1.1009
1.0667
1.0926
1.0627
1.0584
1.0774
1.0948
1.0908
1.0865
1.138
1.1634
1.2127
1.3229
1.3204
1.1464
1.176
1.1931
1.2173
1.1916
1.1854
1.1955
1.2138
1.2416
1.2214
1.2526
1.2957
1.5672
1.2955
1.3068
1.2895
1.2803
1.2758
1.2667
1.2135
1.2025
1.218
1.2287
1.2327
1.2122
1.7862
1.1638
1.1468
1.1072
1.0788
1.1147
1.1442
1.1735
1.1632
1.1658
1.1709
1.1827
1.2095
1.4911
1.1924
1.1612
1.1499
1.1678
1.1826
1.1986
1.1938
1.1552
1.162
1.1614
1.1538
1.1646
1.2702
1.1957
1.1617
1.1672
1.2037
1.2173
1.2581
1.2618
1.2726
1.2579
1.2527
1.2772
1.3039
1.5718
1.3606
1.4209
1.2994
1.298
1.2791
1.2942
1.31
1.3338
1.3556
1.3443
1.3542
1.9207
1.3623
1.3805
1.1837
1.1571
1.1391
1.1353
1.1261
1.1175
1.1327
1.1774
1.183
1.189
1.421
1.2046
1.2431
1.2211
1.165
1.2046
1.2045
1.2178
1.2519
1.2859
1.2734
1.233
1.2402
1.3134
1.18
1.1923
1.3919
1.2287
1.221
1.2515
1.2511
1.2692
1.2567
1.3175
1.3577
1.4885
1.3745
1.3178
1.2793
1.4182
1.2742
1.3002
1.272
1.2857
1.2934
1.2945
1.2812
1.6511
1.4599
1.2836
1.2717
1.418
1.3022
1.4013
1.4143
1.306
1.3214
1.3099
1.3208
1.7243
1.3354
1.3139
1.3014
1.437
1.443
1.2949
1.3319
1.3211
1.3137
1.2739
1.3646
1.2771
1.3022
1.3361
1.3394
1.3391
1.3814
1.2901
1.2883
1.3178
1.3525
1.3219
1.4468
1.4119
1.4109
1.4044
1.3817
1.372
1.442
1.3597
1.3348
1.3199
1.3524
1.3121
1.9017
1.3223
1.3372
1.335
1.361
1.3911
1.5476
1.4642
1.4299
1.4344
1.435
1.5653
1.4663
1.4848
1.4698
1.4182
1.3725
1.5595
1.409
1.3817
1.4368
1.4251
1.5602
1.4092
1.4205
1.4
1.4499
1.4967
1.4935
1.6461
1.5353
1.4767
1.4094
1.5159
1.3591
1.4102
1.4458
1.5092
1.525
1.5127
1.5556
1.455
1.6411
1.7643
1.8043
1.5182
1.5385
1.5281
1.526
1.4842
1.5126
1.5626
1.4727
1.473
1.6139
1.4556
1.4534
1.4125
1.4402
1.4141
1.4014
1.4249
1.5433
1.455
1.4333
1.4897
1.3862
1.4112
1.3639
1.3873
1.4162
1.4387
1.4236
1.4546
1.5615
1.4497
1.6574
1.4474
1.4628
1.4942
1.4947
1.4468
1.4489
1.4363
1.5056
1.668
1.6253
1.5589
1.5124
1.5498
1.5646
1.5676
1.5516
1.5644
1.5799
1.6931
1.6695
1.5877
1.6365
1.6913
1.6532
1.6326
1.6487
1.6567
1.6222
1.7775
1.8196
1.6723
1.7548
1.6529
1.6047
1.5341
1.5316
1.6142
1.6868
1.9533
2.7403
2.0948
2.2167
2.3511
1.7034
1.7155
1.737
1.9273
1.6783
1.6463
1.6192
1.6398
1.6277
1.6075
1.5724
1.5295
1.5204
1.6934
1.7367
1.6326
1.6201
1.6117
1.5441
1.5382
1.5529
1.5868
1.5257
1.7231
1.5933
1.484
1.5044
1.5141
1.55
1.5455
1.5075
1.4836
1.4853
1.7594
1.7942
1.6491
1.5364
1.4837
1.4263
1.4387
1.4116
1.4239
1.413
1.3691
1.4856
1.3689
1.5454
1.3822
1.4121
1.4451
1.4621
1.5611
1.4745
1.4645
1.4553
1.5631
1.5026
1.638
1.4638
1.4143
1.3342
1.3189
1.3004
1.2779
1.304
1.3277
1.4558
1.4024
1.4322
1.5689
1.4211
1.4123
1.4184
1.4056
1.3866
1.3646
1.3603
1.5725
1.8156
1.5069
1.5286
1.664
1.5164
1.4983
1.4826
1.464
1.485
1.526
1.9635
1.5329
1.4969
1.6238
1.5291
1.5074
1.5234
1.4891
1.5099
1.4794
1.5595
1.4872
1.5668
1.5282
1.6787
1.5329
1.5063
1.6018
1.6335
1.6609
1.7485
1.5793
1.5677
1.5495
1.6401
1.7298
1.5623
1.6024
1.6184
1.6276
2.2674
1.6124
1.6433
1.6827
1.8141
1.6612
1.6488
1.5918
1.586
1.7338
1.6144
1.6331
1.6398
1.6542
1.8017
1.6946
1.7267
1.7019
1.7871
1.6777
1.705
1.7223
1.7813
1.7944
1.9361
1.7711
1.7479
1.7751
1.6365
1.6554
1.6318
1.5814
1.6153
1.5598
1.6961
1.5267
1.487
1.7245
1.8884
1.5219
1.5398
1.5588
1.5291
1.5144
1.5571
1.4181
1.4426
1.4265
1.7601
1.3335
1.3223
1.2975
1.3287
1.3185
1.3409
1.3296
1.6259
1.5917
1.4784
1.581
1.4474
1.4917
1.5817
1.5858
1.6767
1.6014
1.6425
2.0512
1.6668
1.7654
1.7094
1.7075
1.7279
1.7144
1.7638
1.7192
2.0632
1.7751
2.2637
1.7517
1.7418
1.7442
1.7247
1.6949
1.6359
1.8429
1.8518
1.5702
1.549
1.5278
1.5375
1.53
1.5393
1.5566
1.5889
1.6082
2.0895
1.5406
1.5262
1.4962
1.465
1.4478
1.4431
1.4659
1.4621
1.4641
1.5163
2.1695
1.4636
1.4876
1.4381
1.4683
1.4325
1.4469
1.4751
1.5298
1.5991
2.1012
2.1114
1.6467
1.6213
1.6544
1.6954
1.7026
1.7433
1.6985
2.0305
1.9375
1.6402
1.6079
1.5518
1.5605
1.578
1.5956
1.5725
1.6026
1.8397
2.1244
1.9709
1.954
1.925
1.9472
1.8992
1.8843
1.9014
1.9189
1.748
1.7084
1.6895
1.6971
1.6871
1.7322
1.7275
2.2478
1.8679
2.0149
1.761
1.8445
1.7799
1.845
1.819
1.7297
1.788
1.6909
2.0226
1.6237
1.6429
1.6937
1.6953
1.7129
1.7541
1.8924
1.7199
2.1264
1.7785
1.7418
1.7729
1.8145
1.8226
1.9578
1.9257
1.9732
2.2969
1.8134
1.8064
1.7915
1.7375
1.7148
2.2861
1.6852
1.7088
2.0272
1.7402
1.7271
1.7019
1.7474
1.7404
1.8243
1.6285
1.6237
1.7188
1.8817
1.5827
1.5764
1.5429
1.4712
1.5535
1.4741
1.4799
1.4959
1.5587
1.9749
1.6509
1.6596
1.6839
1.6769
1.9217
1.6194
1.6057
1.5849
1.5466
1.7721
1.4453
1.4414
1.4926
1.5126
1.894
1.5926
1.4642
1.4678
1.4511
1.4865
1.8789
1.5204
1.5158
1.4512
1.5399
1.4862
1.4315
1.4109
1.37
1.3517
1.3801
1.6941
1.2876
1.3793
1.293
1.287
1.512
1.3157
1.3148
1.3688
1.396
1.4133
1.3792
1.6918
1.3825
1.4008
1.3545
1.4426
1.2891
1.2927
1.2926
1.3297
1.3582
1.3796
1.4327
1.7435
1.3964
1.4225
1.4681
1.9445
1.3925
1.3683
1.3452
1.3883
1.3766
1.413
1.6958
1.539
1.4504
1.5395
1.4299
1.4712
1.4762
1.5076
1.4777
1.5289
1.5634
1.8615
1.5629
1.6417
1.5615
1.534
1.4965
1.4737
1.4563
1.4268
1.4398
1.4722
1.7888
1.5557
1.4891
1.4783
1.5113
1.5124
1.5562
1.6154
1.6407
1.6654
1.7605
2.4741
1.6852
1.7706
1.6291
1.6196
1.5886
1.5323
1.5339
1.537
1.717
1.7154
1.5183
1.5514
1.5748
1.5482
1.5565
1.5811
1.6082
1.6357
1.5767
2.2087
1.5543
1.55
1.5141
1.5453
1.5069
1.4821
1.4552
1.4024
1.4458
1.7258
1.5148
1.421
1.4557
1.4548
1.4664
1.4544
1.4095
1.34
1.327
1.3024
1.9715
1.656
1.357
1.3505
1.2704
1.2745
1.2905
1.2702
1.2876
1.2783
1.2853
1.3119
1.7383
1.5676
1.2264
1.1961
1.2234
1.2066
1.2261
1.2479
1.2886
1.3289
1.3019
1.2557
1.325
1.2248
1.5498
1.236
1.2437
1.2116
1.2357
1.2785
1.3996
1.2978
1.3133
1.2991
1.5875
1.2495
1.3278
1.4866
1.1987
1.1278
1.1458
1.1539
1.1364
1.1561
1.1452
1.1295
1.1151
1.6492
1.1105
1.0864
1.368
1.2584
1.1255
1.1303
1.1498
1.1077
1.0737
1.0527
1.0688
1.0812
1.0982
1.24
1.1211
1.101
1.085
1.3892
1.0746
1.0841
1.066
1.0952
1.0683
1.0817
1.0963
1.1179
1.0735
1.1538
1.0493
1.0676
1.0813
1.0857
1.432
1.1573
1.1682
1.1268
1.1253
1.1123
1.0873
1.0995
1.1107
1.2017
1.0743
1.063
1.0588
1.0665
1.0633
1.4596
1.0092
1.0138
1.0068
0.9967
1.0016
0.9992
0.9792
0.9659
1.3186
1.1061
0.9935
0.9859
0.9899
1.0202
1.0623
1.2588
1.0065
1.0255
1.0274
0.9928
0.9504
0.9588
0.9682
1.0511
0.9161
0.9904
0.8738
0.867
0.8637
0.8509
0.8424
0.8634
1.2858
0.8969
0.9321
0.9178
0.9606
0.9761
0.9967
0.9714
1.1786
0.9521
0.9434
0.9562
0.967
0.9601
0.9862
0.9837
1.0058
1.3083
0.9458
0.9352
0.9622
0.9976
1.0044
0.968
1.0061
0.9131
0.8872
0.8922
0.9007
0.8977
0.9232
0.9194
0.9345
0.9212
1.2391
1.016
0.9737
1.0069
1.0213
1.0158
1.0172
1.6819
1.0653
1.0722
1.0793
1.0472
1.0301
1.0554
1.0746
1.3533
1.1934
1.061
1.0776
1.0787
1.0725
1.2293
1.1457
1.1156
1.1251
1.0707
1.0395
1.0184
1.0082
1.005
1.2256
1.268
1.0718
1.0591
1.072
1.1598
1.0682
1.0507
1.0799
1.0932
1.11
1.1134
1.0881
1.0585
1.0678
1.1307
1.2498
1.003
1.0543
1.0428
1.1918
1.0847
1.0981
1.0925
1.1075
1.0884
1.1229
1.2278
1.1881
1.2006
1.5987
1.2616
1.601
1.4027
1.1853
1.1608
1.1569
1.1495
1.1285
1.1517
1.1661
1.18
1.2062
1.383
1.4469
1.397
1.22
1.1931
1.2059
1.2245
1.2417
1.2456
1.2478
1.1649
1.174
1.1635
1.1753
1.5844
1.3323
1.2521
1.2864
1.2987
1.3333
1.3476
1.3219
1.3594
1.3824
1.4127
1.4207
1.8307
1.419
1.3844
1.3527
1.3214
1.3011
1.2892
1.2549
1.2364
1.2648
1.2685
1.2628
1.6596
1.8433
1.2631
1.2677
1.2997
1.2637
1.2663
1.254
1.2215
1.2133
1.2275
1.2849
1.4337
1.6948
1.303
1.3359
1.3155
1.2774
1.2486
1.2328
1.2301
1.2446
1.2751
1.2887
1.4971
1.5627
1.3847
1.3068
1.3272
1.3403
1.3378
1.3572
1.3505
1.3787
1.3987
1.3848
1.5015
1.7852
1.3799
1.3706
1.3617
1.3778
1.371
1.3824
1.3751
1.3918
1.3489
1.5445
2.367
2.0555
1.606
1.5877
1.4861
1.456
1.3854
1.3506
1.3565
1.4479
1.3345
1.5441
1.5629
1.3928
1.4037
1.3913
1.3988
1.3587
1.3437
1.362
1.449
1.3195
1.3103
1.6128
1.4255
1.2847
1.2631
1.2245
1.1891
1.142
1.1373
1.1248
1.1415
1.2424
1.1282
1.1431
1.158
1.5537
1.1654
1.1536
1.1644
1.2329
1.2283
1.2483
1.2535
1.279
1.8853
1.3276
1.3339
1.3969
1.6833
1.2473
1.2781
1.2631
1.2659
1.2536
1.2812
1.5103
1.3116
1.3082
1.2918
1.2969
1.7021
1.2971
1.312
1.3139
1.2637
1.2348
1.234
1.3015
1.1899
1.179
1.1706
1.1195
1.1348
1.396
1.239
1.1211
1.1468
1.1347
1.1603
1.1717
1.177
1.4835
1.1843
1.1772
1.1644
1.1744
1.1858
1.5244
1.1493
1.1137
1.1155
1.1259
1.1077
1.1136
1.6323
1.3248
1.1761
1.1556
1.1407
1.106
1.0987
1.5134
1.1052
1.1131
1.1485
1.1328
1.1211
1.2157
1.0916
1.0732
1.0783
1.0968
1.0969
1.0963
1.0725
1.1121
1.3331
1.0613
1.0529
1.0575
1.0347
1.0402
1.0896
1.0192
1.0602
1.0929
1.1147
1.1489
1.1507
1.168
1.2105
1.4261
1.1088
1.1934
1.0799
1.0617
1.1706
1.0795
1.0406
1.0283
1.0396
1.0572
1.0406
1.0208
0.9856
0.9789
1.3557
1.0108
1.0128
1.0188
1.0138
1.5755
1.0418
1.0554
1.0616
1.0708
1.0476
1.0199
1.0308
1.0573
1.0845
1.437
1.1017
1.106
1.0872
1.2407
1.0745
1.0871
1.1101
1.1315
1.149
1.1997
1.1858
1.1824
1.188
1.3635
1.2336
1.0944
1.3442
1.0714
1.0429
1.0401
1.0216
1.0259
1.0604
1.0912
1.1195
1.1143
1.1108
1.0991
1.3823
1.2271
1.2618
1.2116
1.2169
1.2067
1.1943
1.2003
1.2296
1.2426
1.2621
1.231
1.2153
1.236
1.6498
1.741
1.2618
1.2537
1.2629
1.2738
1.2654
1.2351
1.2341
1.2125
1.1751
1.1777
1.354
1.4773
1.1423
1.1582
1.1766
1.2482
1.1152
1.1305
1.1515
1.1707
1.1839
1.2174
1.229
1.2525
1.7411
1.2825
1.2947
1.2419
1.2087
1.1758
1.1651
1.1537
1.1403
1.144
1.1379
1.17
1.1858
1.3472
1.4953
1.2234
1.2021
1.197
1.2311
1.2315
1.2291
1.2204
1.1865
1.1576
1.1157
1.1018
1.466
1.4939
1.1228
1.1043
1.1089
1.1327
1.1171
1.0831
1.1109
1.1457
1.1456
1.1711
1.1791
1.1797
1.348
1.3348
1.2293
1.2822
1.25
1.2463
1.1993
1.1893
1.2229
1.2435
1.2243
1.2298
1.2944
1.2266
1.3305
1.2086
1.1835
1.2225
1.2555
1.2609
1.2652
1.2736
1.2614
1.244
1.2325
1.2961
1.1756
1.1665
1.2951
1.1461
1.1034
1.1116
1.1112
1.1222
1.1562
1.3147
1.1932
1.1819
1.2058
1.823
1.1972
1.22
1.2884
1.2002
1.2042
1.1927
1.1911
1.1877
1.1963
1.1967
1.1704
1.2643
1.1359
1.1203
1.1149
1.1846
1.1912
1.1483
1.1627
1.1497
1.1374
1.1258
1.1183
1.0968
1.1149
1.1674
1.1107
1.0972
1.0776
1.0664
1.2415
1.1161
1.1372
1.1209
1.0967
1.0947
1.0767
1.0785
1.0751
1.0885
1.2004
1.1107
1.0977
1.0823
1.0693
1.1706
1.0765
1.0883
1.1172
1.1013
1.0963
1.1076
1.1391
1.1306
1.5876
1.2614
1.1229
1.0802
1.0565
1.0536
1.2267
1.0931
1.0977
1.1197
1.1217
1.1056
1.0874
1.0801
1.164
1.0806
1.0703
1.0901
1.0907
1.0878
1.0832
1.1712
1.0675
1.0707
1.0811
1.1121
1.1153
1.1358
1.2112
1.0959
1.1758
1.0812
1.0839
1.0993
1.1102
1.1118
1.2729
1.1319
1.1226
1.1462
1.1367
1.1485
1.2318
1.2131
1.1448
1.1559
1.1482
1.1635
1.1568
1.1285
1.2543
1.1104
1.1198
1.1277
1.1411
1.1342
1.4332
1.3733
1.1087
1.1028
1.125
1.1121
1.1139
1.0939
1.1421
1.1171
1.0542
1.0205
1.0111
0.9983
1.1378
1.0862
1.0768
1.1069
1.0906
1.0369
1.0076
1.0329
1.033
1.0429
1.1501
1.0026
1.0019
1.0276
1.0352
1.1325
1.0775
1.0038
0.9762
0.9612
0.9535
0.9619
0.9235
0.9444
0.9515
0.9482
0.9573
1.1159
0.959
0.9479
0.9365
0.9143
1.0585
0.8715
0.8847
0.8958
0.8909
0.8978
0.9003
0.9044
0.9026
0.9028
0.9029
0.8843
0.8577
1.0155
0.9051
0.8961
0.9258
1.066
1.3981
0.9385
0.9451
0.9423
0.9796
0.955
0.9559
0.976
1.0993
0.9965
0.9865
0.978
1.0892
1.0195
1.0374
1.1406
1.0088
1.0175
1.0088
1.0131
1.012
0.9965
0.9909
0.9936
1.0057
1.0428
1.0441
1.0831
1.2129
1.0518
1.1571
1.1125
1.1068
1.1232
1.0824
1.0727
1.0687
1.0866
1.0667
1.0611
1.0513
1.0488
1.0546
1.1515
1.0284
1.3692
1.0987
1.0338
1.0154
1.0484
1.0259
1.0205
1.0046
1.0273
1.0458
1.0374
1.0397
1.0273
1.0234
1.1284
1.609
1.1741
1.0688
1.0686
1.0398
1.032
1.0244
1.0118
1.053
1.0572
1.0483
1.0461
1.0444
1.0546
1.3823
1.0418
1.0499
1.0327
1.0196
1.0002
0.9788
0.9675
0.9156
0.9276
0.973
0.9867
1.0146
1.0398
1.0588
1.077
1.3032
1.0688
1.098
1.111
1.1241
1.1051
1.0675
1.0385
1.0235
1.0217
1.012
1.0315
1.0104
1.0345
1.1516
1.1519
1.1897
1.0628
1.026
1.0122
1.0311
0.9978
1.0115
1.0151
1.0369
1.0383
1.0456
1.0276
1.0107
1.0233
1.5055
1.2338
1.0109
1.0105
0.9908
1.0024
1.04
1.0478
1.0499
1.0543
1.0414
1.0528
1.0765
1.0793
1.1088
1.242
1.1413
1.2983
1.1479
1.1348
1.1246
1.0912
1.0565
1.0815
1.1186
1.1446
1.1562
1.1481
1.1654
1.2202
1.135
1.2051
1.0446
1.0159
1.0023
1.0121
1.0146
1.0204
1.0204
1.0336
1.0461
1.0507
1.0429
1.0403
1.1818
1.0171
0.9946
1.1356
0.9869
0.9673
0.9731
1.0023
1.0017
1.0059
0.9915
1.0211
1.0664
1.0757
1.0663
1.5146
1.207
1.0444
1.0363
1.1218
0.9881
0.9944
0.9884
1.0077
1.0179
1.0181
1.041
1.0617
1.0708
1.0152
1.2998
1.0208
1.0085
1.0268
1.0325
1.1244
1.1398
1.0603
1.0654
1.0674
1.0225
1.0221
1.0242
1.0489
1.0727
1.3309
1.1055
1.1027
1.1113
1.135
1.3131
1.1867
1.2247
1.2114
1.2501
1.276
1.3016
1.2809
1.37
1.2013
1.1927
1.1569
1.1418
1.2692
1.0852
1.0728
1.0691
1.0602
1.047
1.0762
1.0385
1.0265
1.38
1.2351
1.0294
1.0418
1.0439
1.0785
1.1262
1.1791
1.1159
1.1452
1.1534
1.1751
1.1827
1.1954
1.3648
1.1735
1.178
1.1759
1.1476
1.1665
1.1567
1.3145
1.1358
1.1809
1.1846
1.1876
1.1651
1.3624
1.3128
1.1534
1.1644
1.1578
1.1687
1.1692
1.2042
1.1511
1.1237
1.1373
1.1788
1.1872
1.2029
1.3785
1.2014
1.1804
1.18
1.2021
1.1603
1.1141
1.1256
1.2084
1.1215
1.153
1.246
1.1625
1.554
1.3254
1.1903
1.2015
1.2169
1.1977
1.1678
1.1735
1.3166
1.139
1.1209
1.1049
1.1105
1.2522
1.1492
1.1413
1.1575
1.1687
1.1807
1.1835
1.178
1.2032
1.2799
1.1852
1.1643
1.1668
1.1733
1.493
1.2285
1.2133
1.3452
1.2845
1.2506
1.2567
1.2575
1.2897
1.3856
1.2552
1.2548
1.3838
1.2617
1.2498
1.2473
1.2614
1.2258
1.2204
1.1614
1.1491
1.1588
1.2975
1.1694
1.1468
1.6246
1.2493
1.1609
1.1691
1.1909
1.2526
1.288
1.3116
1.3002
1.2943
1.3913
1.2753
1.4635
1.3248
1.3293
1.2772
1.2635
1.2559
1.2524
1.2422
1.2151
1.2337
1.2233
1.3038
1.2169
1.8667
1.2238
1.3684
1.2683
1.2791
1.2798
1.2505
1.2509
1.2503
1.2451
1.2163
1.3109
1.3133
1.241
1.232
1.2112
1.1962
1.1802
1.2052
1.2124
1.1874
1.2002
1.1828
1.2115
1.3585
1.401
1.2741
1.2655
1.2517
1.2435
1.2253
1.2092
1.2119
1.2022
1.1781
1.1541
1.1271
1.1281
1.2835
1.0887
1.0724
1.0642
1.0471
1.0597
1.0426
1.0897
1.1296
1.127
1.112
1.1133
1.0748
1.0296
1.0706
1.5864
1.0764
1.0712
1.0764
1.0709
1.0729
1.0607
1.0548
1.0662
1.065
1.0544
1.0151
1.0322
1.0239
1.1027
1.1105
1.0987
1.0584
1.0779
1.0895
1.0337
1.0313
1.0303
1.0397
1.0592
1.0776
1.0821
1.075
1.0614
1.2037
1.7944
1.169
1.1232
1.1263
1.1252
1.1127
1.0742
1.0921
1.1763
1.1271
1.1514
1.173
1.1249
1.2614
1.1412
1.3483
1.1473
1.1666
1.168
1.2049
1.2259
1.208
1.1936
1.1749
1.1441
1.1514
1.5945
1.2718
1.1246
1.1999
1.1144
1.0968
1.0876
1.1206
1.1233
1.1323
1.105
1.0724
1.058
1.0475
1.4365
1.0655
1.0665
1.2141
1.1108
1.1221
1.1348
1.1326
1.1386
1.1453
1.094
1.1178
1.1169
1.1106
1.2088
1.0926
1.0385
1.0429
1.1995
1.0377
1.0451
1.0583
1.061
1.0749
1.0752
1.1224
1.1373
1.1832
1.2498
1.1702
1.1707
1.1466
1.153
1.2708
1.1938
1.1759
1.1454
1.1679
1.1868
1.1884
1.2025
1.2046
1.7389
1.2317
1.2462
1.2812
1.385
1.2954
1.2981
1.3132
1.3361
1.3427
1.2908
1.2779
1.4926
1.2837
1.3017
1.3172
1.3188
1.5097
1.3426
1.3613
1.3256
1.3154
1.2994
1.2941
1.4183
1.2917
1.2598
1.2836
1.261
1.3326
1.2965
1.2893
1.3
1.2592
1.212
1.1918
1.2948
1.1929
1.1848
1.1894
1.1808
1.2099
1.2397
1.4521
1.3452
1.361
1.3408
1.3234
1.3586
1.8096
1.3053
1.2705
1.2919
1.3222
1.2912
1.4087
1.2479
1.2695
1.2711
1.3131
1.4319
1.371
1.3718
1.3685
1.3836
1.4044
1.4277
1.5572
1.4207
1.3678
1.3632
1.3932
1.5256
1.4445
1.4577
1.4099
1.3695
1.3703
1.3916
1.5181
1.4451
1.4634
1.4444
1.5105
1.3881
1.3725
1.3516
1.3578
1.4617
1.3444
1.3212
1.5097
1.3905
1.4326
1.9575
1.5798
1.4376
1.4835
1.5075
1.5587
1.5912
1.7082
1.6182
1.5484
1.7975
1.563
1.5596
1.5364
1.5393
1.539
1.5109
1.5411
1.6321
1.4985
1.7048
1.5043
1.4836
1.4258
1.4045
1.4222
1.4525
1.4866
1.5208
1.6971
1.4969
1.5894
1.486
1.4886
1.5002
1.5221
1.4848
1.4819
1.509
1.5137
1.6002
1.8199
1.74
1.4336
1.4253
1.4052
1.4109
1.4185
1.4165
1.4185
1.3961
1.5592
1.5023
1.4704
1.5395
1.5441
1.5876
1.5402
1.5067
1.4688
1.4493
1.5482
1.6714
1.4644
1.5203
1.5338
1.5318
1.4698
1.4155
1.4328
1.46
1.4738
1.4661
1.654
1.5208
1.5774
1.6236
1.6176
1.6177
1.5924
1.587
1.603
1.58
2.1021
1.5267
1.511
1.4882
1.4805
1.4793
1.4622
1.4207
1.3753
1.3537
1.3414
1.4459
1.5107
1.3486
1.3304
1.3342
1.3351
1.3256
1.3341
1.3536
1.3604
1.3
1.2861
1.4091
1.4519
1.333
1.304
1.2951
1.2756
1.2351
1.1847
1.1673
1.1479
1.1952
1.2463
1.3332
1.3081
1.4178
1.3237
1.3182
1.2762
1.2649
1.2963
1.2899
1.3207
1.3364
1.3486
1.777
1.4518
1.4369
1.531
1.4168
1.3913
1.3618
1.3627
1.3519
1.3355
1.3746
1.5311
1.3797
1.352
1.4233
1.3586
1.3297
1.3788
1.3934
1.387
1.3648
1.3712
1.3578
1.5321
1.3455
1.3146
1.3559
1.3566
1.2988
1.2942
1.2993
1.3069
1.3512
1.3861
1.3889
1.5063
1.3396
1.2955
1.2775
1.4112
1.3072
1.3232
1.3192
1.3685
1.3516
1.353
1.4526
1.6745
1.314
1.2816
1.2621
1.3711
1.2013
1.1553
1.1434
1.1704
1.2181
1.1925
1.133
1.2682
1.0638
1.0389
1.0646
1.062
1.0635
1.0693
1.1757
1.1054
1.0813
1.1006
1.0986
1.1215
1.128
1.2257
1.1504
1.1145
1.124
1.1341
1.1397
1.1502
1.2882
1.2152
1.1421
1.2891
1.1994
1.2113
1.1847
1.2711
1.1797
1.2096
1.2471
1.285
1.2862
1.2679
1.3822
1.1938
1.2653
1.2815
1.1825
1.1775
1.7918
1.2257
1.2045
1.2069
1.1991
1.2004
1.2269
1.3672
1.2524
1.2897
1.2496
1.207
1.3538
1.186
1.2153
1.2102
1.1745
1.1441
1.2303
1.2822
1.4154
1.2849
1.2802
1.2834
1.2899
1.3607
1.2355
1.2655
1.2848
1.3296
1.3157
1.3167
1.3017
1.4335
1.3218
1.3147
1.3022
1.3797
1.2734
1.271
1.3415
1.3798
1.356
1.3424
1.3331
1.3639
1.4138
1.2922
1.2754
2.0078
1.2402
1.2252
1.2566
1.2616
1.2443
1.274
1.277
1.308
1.4009
1.3505
1.3613
1.441
1.4646
1.3343
1.2794
1.289
1.2979
1.3021
1.2792
1.2971
1.4222
1.3318
1.3375
1.4431
1.3787
1.3821
1.3504
1.3014
1.3016
1.2953
1.2583
1.2497
1.2793
1.4428
1.324
1.4963
1.3244
1.2922
1.2483
1.2155
1.2026
1.2046
1.2028
1.1965
1.1854
1.2014
1.3715
1.712
1.4334
1.2183
1.2001
1.1799
1.2202
1.2068
1.2346
1.219
1.205
1.1654
1.1702
1.2974
1.2839
1.1465
1.1612
1.1305
1.1256
1.1361
1.1666
1.1711
1.1563
1.1514
1.1503
1.1295
1.1481
1.2063
1.1988
1.0975
1.0936
1.1042
1.1299
1.1463
1.1736
1.1767
1.1789
1.1676
1.1338
1.1156
1.1034
1.1265
1.346
1.1341
1.1456
1.1877
1.2034
1.2127
1.2078
1.28
1.1291
1.1209
1.1087
1.0976
1.0854
1.3479
1.4882
1.0593
1.041
1.0207
1.041
1.0622
1.0642
1.0711
1.0971
1.1082
1.1356
1.1508
1.1817
1.282
1.1983
1.3259
1.1943
1.2191
1.2413
1.2503
1.2461
1.2633
1.2736
1.292
1.2698
1.231
1.3432
1.2436
1.3892
1.342
1.3242
1.3159
1.313
1.3271
1.2973
1.3108
1.327
1.3555
1.5267
1.3621
1.4984
1.3427
1.3092
1.2836
1.2962
1.2715
1.2471
1.2244
1.2325
1.2463
1.2836
1.2043
1.1734
1.3064
1.2408
1.2362
1.226
1.2232
1.1632
1.1424
1.1051
1.0819
1.0819
1.0996
1.2813
1.1358
1.0968
1.1576
1.1974
1.0626
1.0242
1.0313
1.0124
0.9828
1.0054
1.0026
0.9764
0.9757
1.1255
1.0949
1.0651
1.0555
1.0495
1.0368
1.1646
1.0788
1.103
1.117
1.1241
1.1347
1.1467
1.1694
1.1712
1.7715
1.1779
1.1933
1.1844
1.1827
1.336
1.1546
1.1147
1.1131
1.0786
1.0561
1.072
1.0975
1.2815
1.0828
1.054
1.0829
1.101
1.0939
1.1269
1.1532
1.0632
1.0886
1.0969
1.11
1.0981
1.1116
1.1032
1.2296
1.1735
1.1599
1.161
1.1369
1.146
1.3083
1.2204
1.2152
1.2079
1.229
1.2274
1.2366
1.4692
1.2152
1.1969
1.1945
1.1908
1.1708
1.1304
1.2711
1.113
1.1162
1.0993
1.0647
1.0535
1.0748
1.2226
1.0585
1.0589
1.0664
1.0711
1.0604
1.0853
1.0766
1.1915
1.057
1.0517
1.0409
1.0659
1.0984
1.4007
1.887
1.3042
1.1513
1.1153
1.0874
1.0273
1.039
1.1563
0.9896
0.9683
0.965
0.9461
0.9539
1.0864
1.0122
0.9621
0.9301
0.9075
0.9057
0.9129
0.8951
0.8983
0.9271
0.9581
1.1085
0.975
0.9864
0.9599
0.9482
0.9784
1.1636
1.0031
1.0368
1.0584
1.0651
1.0455
1.0261
0.9978
0.9957
0.9916
0.9746
1.1079
0.9003
0.9137
0.9348
0.9197
1.5186
0.9494
0.9611
0.9508
0.9428
0.9085
0.9376
0.9076
0.9154
0.9302
0.9279
0.9435
1.045
0.952
0.9491
0.964
1.3185
0.9813
0.9903
0.9782
0.9438
0.919
0.9129
0.928
0.9224
0.9395
0.9499
0.9373
0.9462
1.0399
0.8888
0.8718
0.8588
1.0424
0.862
0.8828
0.8753
0.8938
0.8907
0.8773
0.892
0.8982
0.906
0.9177
0.9169
0.9294
0.9206
1.0383
0.9633
0.9862
1.0553
0.9687
0.9711
0.9864
0.9939
1.0106
1.0027
0.9994
0.9867
0.9661
0.9715
0.9851
0.9968
1.0987
1.1114
0.9982
1.7135
1.0164
0.9936
0.9118
0.9126
0.9438
0.974
0.9822
0.973
0.9414
0.9585
0.9564
0.9469
0.9607
1.048
1.0408
0.9853
0.9561
0.9655
0.9834
1.0012
0.9917
1.0093
1.0231
0.9921
0.9561
0.9244
0.9149
0.9295
0.9284
0.9328
1.0529
1.1819
0.9245
0.9311
0.9168
0.9115
0.9149
0.9538
0.9898
1.014
1.0397
1.0396
1.0446
1.076
1.0726
1.0676
1.0803
1.2618
1.0568
1.0705
1.0497
1.0359
1.0474
1.0661
1.0207
0.992
0.9741
0.9749
0.9834
0.9653
0.9573
0.9307
1.1806
1.2013
0.9274
0.9411
0.9626
0.9862
0.9886
0.9709
0.9589
0.9285
0.9236
0.9291
0.9188
0.9116
0.9142
0.9452
0.966
1.0965
1.0883
0.9517
0.9589
0.959
0.985
1.0028
0.9866
0.9549
0.9374
0.9624
0.9535
0.9174
0.8953
0.8884
0.8909
1.0358
0.8944
0.885
0.954
0.9793
0.8655
0.8847
0.9026
0.9323
0.9287
0.9346
0.9391
0.9361
0.9185
0.8995
0.8764
0.849
0.8591
0.9404
0.845
0.8457
0.9883
0.8703
0.8622
0.8481
0.8218
0.7921
0.8099
0.8054
0.8088
0.8033
0.806
0.8282
0.8304
0.8179
0.7996
0.7879
1.3569
0.7755
0.7678
0.7586
0.9346
0.7784
0.7759
0.7781
0.7803
0.7502
0.7395
0.7395
0.7354
0.7505
0.7537
0.7448
0.7585
0.7472
0.7429
0.7394
0.8417
0.729
0.725
0.7168
0.7135
0.7262
0.8732
0.7172
0.7069
0.7282
0.7319
0.7278
0.7178
0.7115
0.6966
0.6972
0.6999
0.7144
0.7087
0.7222
0.7333
0.7386
0.8346
0.7258
0.7243
0.7226
0.7147
0.7223
0.8005
0.8359
0.7413
0.7425
0.7494
0.756
0.7583
0.7476
0.7568
0.7586
0.7599
0.7701
0.783
0.7987
0.7804
0.8457
0.7549
0.7507
0.7621
0.7596
0.7769
0.7794
0.8861
0.7858
0.7909
0.7959
0.7982
0.8001
0.8116
0.7898
0.7913
0.7916
0.8053
0.8033
0.7919
1.378
0.8162
0.8145
0.8135
0.8003
0.8171
0.8301
0.9398
0.8397
0.8346
0.8306
0.9299
0.8301
0.8183
0.819
0.8135
0.834
0.817
1.0417
0.8317
0.8058
0.8163
0.8389
0.8486
0.8529
0.8462
0.894
0.9018
0.8427
0.8474
0.8629
0.8713
0.8904
0.8857
0.9206
0.9192
1.0248
0.9067
0.9289
0.9273
0.8792
0.8925
0.8834
0.8625
0.8764
1.0056
0.8677
0.8961
0.8688
0.8799
0.8526
0.8379
0.8199
0.8344
1.1063
0.8634
0.8622
0.8738
0.8661
0.8713
0.8697
0.8662
0.8596
0.8539
0.9851
0.8538
0.8691
0.8791
0.8601
0.8497
0.8535
0.8679
1.0677
1.1795
0.8458
0.8325
0.8301
0.8207
0.8386
0.833
0.8417
0.8688
0.8894
1.0447
0.9027
0.8728
0.8346
0.8563
0.8411
0.8507
1.0288
0.8768
0.8722
0.8507
0.8294
0.8393
0.8238
0.8302
0.8389
0.8192
0.8207
0.8392
0.9741
0.8161
0.8217
0.8428
0.8387
0.8141
0.8045
1.1853
0.7894
0.7964
0.8051
0.7979
0.7965
0.8207
0.8375
0.8478
0.8358
0.8164
0.8107
0.825
0.9264
0.8229
0.8337
0.8486
0.8861
0.8882
1.0576
1.0055
0.9116
0.918
0.9137
0.899
0.8854
0.8608
0.8487
0.8695
0.8491
0.8175
0.8443
0.8502
0.7747
0.7806
0.768
0.7475
1.0634
1.0134
0.7642
0.7834
0.8118
0.8363
0.8337
0.8364
0.8148
0.8253
0.8634
0.8493
0.8896
0.8949
0.9833
0.8707
0.8681
0.8436
0.9182
0.8345
0.7987
0.7993
0.7907
0.8018
0.786
0.806
0.8029
0.8038
0.8027
0.8397
0.8318
0.8304
0.8261
0.8234
0.9764
0.8002
0.805
0.8158
0.8787
0.7663
0.7626
0.755
0.7422
0.733
0.7547
0.7795
0.7652
0.7598
0.7749
0.7768
0.7593
0.749
0.7618
0.7825
0.8003
0.8628
0.8765
0.8047
0.9171
0.8494
0.8597
0.8621
0.8627
0.8288
0.8503
0.8466
0.8502
0.8407
0.8355
0.8409
0.8356
0.8279
0.8082
0.8164
0.8284
0.9547
0.84
1.3282
0.9276
0.8082
0.7883
0.767
0.7924
0.81
0.8358
0.8465
0.8567
0.872
0.8815
0.8597
0.8508
0.8538
0.8478
0.8586
1.0285
1.1028
0.9053
0.9013
0.9197
0.9326
0.9343
0.928
0.9416
1.0219
0.8668
0.8607
0.868
0.8711
0.9009
0.8907
0.892
0.8935
1.0984
0.9464
0.9382
0.9184
0.9025
0.8546
0.8475
0.848
0.8431
0.8425
0.8249
0.7973
0.8061
0.8206
0.8464
0.8878
0.9364
0.9969
1.0925
1.1414
0.971
0.9793
0.9785
0.9646
0.9679
0.9552
0.9416
0.9362
0.9624
0.9642
0.9704
0.9702
0.976
0.9382
0.9559
1.6572
0.9272
0.9096
0.9277
0.9154
0.923
0.9192
0.9373
0.9551
0.9691
0.9863
0.9928
1.0014
0.9851
0.9877
0.9712
1.0278
0.9483
1.0858
0.9384
0.9022
0.8659
0.8899
0.8862
0.8965
0.9027
0.8942
0.8779
0.8735
0.8795
0.8936
0.8833
0.8742
0.9617
0.8859
0.8501
0.9222
0.8058
0.8173
0.838
0.7687
0.7602
0.7535
0.7634
0.7828
0.7927
0.7789
0.7772
0.785
0.7917
0.8019
0.7836
0.7911
0.8854
0.8035
0.8046
0.8024
0.9295
0.7767
0.7675
0.8583
0.8037
0.8929
0.7666
0.7717
0.7764
0.7285
0.7246
0.7497
0.7573
0.7658
0.8571
0.7673
1.2883
0.7668
0.7306
0.7275
0.7506
0.8151
0.7448
0.7284
0.7126
0.7001
0.6983
0.7106
0.7028
0.6991
0.6872
0.6721
0.6783
0.6813
0.6699
0.6756
0.6738
0.6625
0.7503
0.6565
0.652
0.6534
0.6649
0.6774
0.7051
0.8047
0.7029
0.7001
0.699
0.7034
0.702
0.7003
0.6967
0.704
0.692
0.6939
0.6784
0.6774
0.6939
0.692
0.7253
0.7356
0.6825
0.6798
0.703
0.7113
0.7144
0.6893
0.7789
0.6842
0.6717
0.6637
0.667
0.6643
0.6527
0.6536
0.6527
0.658
0.6708
0.6542
0.6496
0.6529
0.6451
0.6426
0.7561
0.6623
0.6595
0.6692
0.6603
0.6616
0.6674
0.6786
0.6825
0.8087
0.6759
0.653
0.6555
0.664
0.6653
0.6531
0.6407
0.6344
0.6206
0.6171
0.6256
0.6438
0.6458
0.6339
1.1117
0.8071
0.5985
0.5952
0.6258
0.6411
0.6795
0.665
0.6731
0.6611
0.7887
0.6564
0.6754
0.682
0.6671
0.6577
0.6436
0.6238
0.6078
0.6194
0.6176
0.619
0.6121
0.6114
0.7059
0.6141
0.632
0.6545
0.6702
0.6605
0.691
0.6701
0.6746
0.6374
0.6376
0.709
0.6517
0.5939
0.5699
0.5446
0.5555
0.5629
0.568
0.5777
0.5857
0.5913
0.5911
0.5979
0.6055
0.7088
0.624
0.6236
0.638
0.6398
0.6458
0.641
0.6521
0.7683
0.7057
0.7006
0.6945
0.7176
0.8768
0.7193
0.7131
0.7076
0.7016
0.6944
0.7064
0.7048
0.7129
0.7326
0.8673
0.7101
0.7123
0.739
0.7334
0.7349
0.7398
0.7781
0.7759
0.7704
0.7713
0.7555
0.855
0.7367
0.7092
0.7175
0.7179
0.7467
0.733
0.7238
0.7212
0.7518
1.289
0.7103
0.7027
0.7201
0.7221
0.745
0.7581
0.7573
0.7412
0.7271
0.7232
0.6982
0.793
0.7009
0.6755
0.6804
0.6726
0.6857
0.6793
0.6668
0.6698
0.8508
0.6575
0.6673
0.6684
0.6658
0.6631
0.6534
0.6581
0.6362
0.6279
0.6228
0.6011
0.5954
0.6066
0.609
0.6214
0.7864
0.6177
0.6103
0.6104
0.6135
0.611
0.6174
0.6143
0.603
0.6964
0.6183
0.6193
0.6173
0.6108
0.6117
0.6161
0.6063
0.611
0.6
0.6109
0.6099
0.5954
0.5929
0.5938
0.5884
0.5801
0.5845
0.7167
0.612
0.606
0.613
0.6027
0.6162
0.5987
0.5827
0.6735
0.5862
0.5911
0.593
0.603
0.6261
0.6398
0.625
0.6147
0.6101
0.6273
0.6284
0.6228
0.6244
0.6094
0.6142
0.6272
0.617
0.6048
0.6785
0.5962
0.5835
0.5769
0.5872
0.5887
0.5989
0.9124
0.9156
0.58
0.5707
0.5747
0.5709
0.5592
0.5883
0.5597
0.5442
0.5273
0.5183
0.5047
0.5071
0.5054
0.5087
0.5123
0.5185
0.5211
0.528
0.6662
0.5483
0.6335
0.5399
0.5374
0.5295
0.5288
0.5258
0.7245
0.5368
0.5549
0.5641
0.551
0.5642
0.5581
0.5686
0.5795
0.5815
0.5877
0.578
0.5679
0.558
0.5553
0.5675
0.5681
0.5556
0.5413
0.55
0.5569
0.5675
0.5577
0.6279
0.5552
0.5309
0.5322
0.527
0.6822
0.5283
0.5411
0.5546
0.5679
0.5759
0.5785
0.5792
0.5777
0.586
0.5963
0.5945
0.589
0.5784
0.5726
0.5656
0.5674
0.5686
0.5676
0.5814
0.5804
0.5925
0.5919
0.593
0.7027
0.5859
0.5963
0.7075
0.5962
0.5862
0.5839
0.5787
0.5824
0.5902
0.6017
0.6083
0.6414
0.6509
0.6459
0.6532
0.668
0.6766
0.6917
0.6756
0.675
0.6815
0.6864
0.688
0.6921
0.6992
0.8348
0.705
1.3131
0.6882
0.6637
0.6607
0.6439
0.6579
0.6663
0.6589
0.6639
0.6703
0.6663
0.6559
0.6431
0.6409
0.6387
0.6456
0.6582
0.6696
0.6854
0.6833
0.6781
0.673
0.8368
0.6976
0.6714
0.6928
0.7152
0.7271
0.7196
0.7345
0.7295
0.7309
0.7121
0.6784
0.6762
0.6634
0.6657
0.6743
0.6891
0.6857
0.7141
0.726
0.7161
0.7054
0.7206
0.9694
0.6954
0.6929
0.6891
0.6782
0.6737
0.6579
0.6683
0.6703
0.6789
0.6744
0.6299
0.6205
0.5943
0.5866
0.5827
0.5848
0.5808
0.5823
0.5747
0.587
0.5887
0.5903
0.5869
0.5731
0.6759
0.6167
0.6169
0.5665
0.6745
0.5851
0.5878
0.5931
0.5869
0.5847
0.6118
0.6059
0.621
0.6314
0.6132
0.6114
0.6323
0.6274
0.6203
0.6163
0.619
0.6216
0.6204
0.6231
0.6119
0.6223
0.8652
0.9247
0.783
0.6209
0.6191
0.6171
0.612
0.6278
0.624
0.6326
0.6297
0.6341
0.6348
0.6477
0.6456
0.6397
0.6378
0.6359
0.6437
0.6485
0.6401
0.6474
0.6448
0.6438
0.7569
0.6332
0.6202
0.6216
0.6755
0.5683
0.5594
0.5643
0.5708
0.5628
0.5686
0.5673
0.5866
0.5908
0.5945
0.6017
0.5997
0.6055
0.6024
0.5933
0.5975
0.586
0.5872
0.585
0.5767
0.5815
0.574
0.7783
0.5694
0.5677
0.5721
0.5679
0.7232
0.5726
0.5739
0.5849
0.5865
0.5872
0.5874
0.5888
0.5884
0.5902
0.5875
0.5931
0.5883
0.5887
0.5924
0.5875
0.5786
0.584
0.5789
0.5747
0.5868
0.578
1.1937
0.5838
0.5698
0.5565
0.5551
0.6752
0.5579
0.5762
0.5746
0.578
0.5699
0.5889
0.6016
0.6061
0.6148
0.6199
0.6358
0.6447
0.6559
0.6573
0.6348
0.6225
0.6295
0.6338
0.6469
1.0509
0.8643
0.6447
0.6434
0.6423
0.6393
0.7743
0.6506
0.6716
0.6825
0.6862
0.6672
0.6888
0.6741
0.679
0.689
0.6911
0.6728
0.6649
0.6322
0.6343
0.6304
0.6364
0.7251
0.6301
0.6088
0.6235
0.626
0.6446
0.6477
0.6498
0.7727
0.6392
0.6382
0.6416
0.6496
0.6494
0.7455
0.6566
0.6588
0.659
0.649
0.6295
0.6263
0.5957
0.577
0.5844
0.5753
0.6808
0.5958
0.6016
0.6218
0.6433
0.6516
0.6446
0.6456
0.6504
0.7717
0.6204
0.6418
0.632
0.624
0.601
0.5837
0.5622
0.5657
0.5668
0.5742
0.5701
0.5723
0.5729
0.5792
0.5948
0.5818
0.7874
0.6209
0.6261
0.643
0.6509
0.6578
0.6758
0.6935
0.6878
0.7381
0.7198
0.6819
0.68
0.6993
0.6985
0.6884
0.7027
0.6935
0.6806
0.6736
0.6497
0.6529
1.1098
0.7059
0.6685
0.6814
0.6807
0.6807
0.6605
0.651
0.6496
0.6566
0.6401
0.7082
0.7349
0.6429
0.6475
0.6395
0.6298
0.6243
0.6188
0.6328
0.6325
0.6278
0.6287
0.7244
0.7328
0.6473
0.6388
0.6342
0.6145
0.613
0.6069
0.6044
0.5951
0.5819
0.5763
0.5606
0.5668
0.5621
0.718
0.5517
0.5487
0.555
0.5642
0.6266
0.5928
0.6028
0.6181
0.6132
0.6203
0.5949
0.7415
0.6381
0.6323
0.6161
0.605
0.6005
0.6086
0.5978
0.593
0.6212
0.6182
0.6309
0.6383
0.6396
0.6484
0.7957
0.6386
0.6706
0.6806
0.6781
0.691
0.6785
0.6711
0.6742
0.9602
0.8078
0.6757
0.6622
0.6705
0.6747
0.6764
0.6881
0.6862
0.6894
0.6888
0.6904
0.7057
0.7095
0.7593
0.8218
0.7226
0.7133
0.6962
0.687
0.6839
0.6999
0.8011
1.1177
0.6491
0.6486
0.6698
0.6838
0.6769
0.69
0.6919
0.6857
0.6963
0.7216
0.7282
0.7332
0.7235
0.7706
0.7904
0.7272
0.7262
0.7297
0.7163
0.7202
0.8524
0.7527
0.7332
0.7387
0.7478
0.7663
0.7567
0.7584
0.7631
0.7383
0.7257
0.7355
0.7323
0.7407
0.742
0.7518
0.8697
0.763
0.7668
0.7556
0.7495
0.8919
0.7501
0.7396
0.744
0.7324
0.7249
0.7191
0.7156
0.7159
0.7335
0.698
0.7246
0.7378
0.7268
0.7448
0.7616
0.7772
0.9142
0.787
0.775
0.7759
0.8838
0.7592
0.7708
0.7932
0.7904
0.7936
0.8179
0.8368
0.8626
0.8412
0.8245
0.8428
0.8712
0.8539
0.8572
0.8431
1.0297
0.8771
0.845
1.138
1.0292
0.8394
0.8451
0.8339
0.8247
0.7931
0.7968
0.8353
0.8499
0.8523
0.8274
0.8356
0.8414
0.8391
0.8387
0.9879
0.8332
0.9659
0.8851
0.9098
0.8792
0.8859
0.8583
0.7999
0.8139
0.827
0.8314
0.8324
0.8289
0.8207
0.8309
0.8321
0.8296
0.8503
0.8671
0.926
1.0018
0.8714
0.8442
0.8774
0.8994
0.8926
0.9148
0.8592
0.9707
0.8403
0.8454
0.8728
0.8779
0.8939
0.8693
0.8639
0.8638
0.9848
0.9893
0.8682
0.8662
0.8212
0.7873
0.7794
0.7866
0.7734
0.756
0.7526
0.7545
0.7629
0.7906
0.7829
0.7981
0.8105
0.8198
0.811
0.8152
0.8116
1.3188
0.7785
0.7659
0.7819
0.8001
0.7815
0.7815
0.7874
0.8128
0.8165
0.8038
0.7753
0.7908
0.7955
0.813
0.8178
0.8151
0.8374
0.8491
0.9954
1.0423
0.8908
0.9269
0.9402
0.9567
0.9437
0.9376
0.9307
0.9684
0.9887
0.9683
0.9412
0.9304
0.9504
0.9673
1.0221
1.1524
1.1849
1.0023
0.9933
0.9596
0.987
0.9716
0.9333
0.9161
0.8708
0.8717
0.8934
0.897
0.8728
0.8476
0.8489
0.8085
0.9962
0.8235
0.9522
0.8635
0.8807
0.923
0.9644
0.9591
0.9577
0.9592
0.9645
0.9611
0.9401
0.9233
0.9428
0.9423
0.9702
1.5923
0.9623
1.123
0.9822
0.9718
0.9552
0.9417
0.9515
0.9204
0.8863
0.8792
0.8798
0.9213
0.9322
1.026
0.9071
1.0498
0.8734
0.8607
0.8479
0.9674
0.8258
0.8124
0.793
0.8274
0.7899
0.7581
0.7573
0.7613
0.7612
0.7659
0.763
0.7618
0.7779
0.7766
0.8906
0.8022
0.7817
0.7621
0.7349
0.7301
0.8205
0.71
0.7076
0.711
0.6972
0.7029
0.7332
0.7561
0.7695
0.7587
0.7347
0.7335
0.7505
0.759
0.7582
0.7381
0.8307
0.7629
0.7555
0.7556
0.7459
0.7602
0.9247
0.7561
0.7393
0.7348
0.7332
0.7017
0.6891
0.6931
0.6769
0.6854
0.6855
0.6938
0.695
0.6957
0.6919
0.8501
1.0448
0.6943
0.6953
0.7007
0.7001
0.6886
0.6931
0.8254
0.6751
0.6674
0.6695
0.6708
0.6589
0.6587
0.6612
0.6668
0.6725
0.6737
0.667
0.6716
0.6737
0.6694
0.7568
0.6676
0.6495
0.6453
0.6424
0.6368
0.6387
0.6387
0.639
0.6432
0.7542
0.6378
0.6533
0.6473
0.6573
0.6628
0.6592
0.6566
0.66
0.6582
0.6698
0.6738
0.6686
0.6634
0.802
0.6571
0.6437
0.6551
0.661
0.6599
0.6709
0.6753
0.6749
0.6843
0.7267
0.8304
0.7063
0.7093
0.7081
0.7123
0.7252
0.7257
0.7158
0.7106
0.716
0.7163
0.7139
0.856
0.7252
0.7283
0.7107
0.7013
0.6862
0.7728
0.6907
0.709
0.6964
0.7419
0.801
0.712
0.7054
0.6983
0.6983
0.7098
0.7127
0.7059
0.7066
0.7086
0.7051
1.1987
0.7556
0.7473
0.7555
0.7479
0.7444
0.7495
0.7432
0.7613
0.7593
0.7807
0.8586
0.771
0.763
0.727
0.7026
0.7067
0.7055
0.7127
0.7153
0.7386
0.8204
0.7325
0.7272
0.7314
0.7337
0.73
0.7189
0.7131
0.6994
0.714
0.6991
0.6979
0.7977
0.7174
0.7069
0.6975
0.6887
0.6783
0.6677
0.6698
0.6745
0.6812
0.7816
0.6541
0.6519
0.65
0.6522
0.6502
0.6654
0.6645
0.668
0.6636
0.6526
0.6475
0.6432
0.6384
0.6347
0.7526
0.6277
0.6251
0.6257
0.6207
0.622
0.6234
0.6186
0.622
0.678
0.6772
0.6235
0.629
0.6183
0.6224
0.6179
0.6226
0.6219
0.6191
0.6219
0.6224
0.6184
0.6236
0.6202
0.6228
0.6222
0.682
0.6682
0.6222
0.619
0.6226
0.6206
0.6198
0.6223
0.619
1.1333
0.7067
0.6217
0.6196
0.6221
0.6222
0.6471
0.6229
0.623
0.6197
0.622
0.6229
0.6178
0.6225
0.6183
0.6234
0.6225
0.7676
0.6223
0.6227
0.6178
0.6223
0.6218
0.6186
0.7199
0.6202
0.6226
0.6229
0.6197
0.6233
0.6216
0.6197
0.6225
0.6195
0.6221
0.6222
0.6185
0.6228
0.6214
0.62
0.6223
0.6196
0.7119
0.7004
0.6974
0.6187
0.6221
0.622
0.6283
0.7548
0.6189
0.6173
0.609
0.6043
0.6076
0.6036
0.6069
0.6073
0.6031
0.6073
0.6058
0.6037
0.6069
0.6038
0.6069
0.6078
0.604
0.6105
0.6033
0.6076
0.7028
0.6041
0.6129
0.6074
0.604
0.7177
0.6045
0.6081
0.6064
0.6043
0.6067
0.6045
0.6053
0.6074
0.603
0.6076
0.6064
0.6067
0.6074
0.604
0.607
0.6072
0.604
0.607
0.6032
0.6073
0.6118
0.7225
0.6353
0.6068
0.604
0.964
0.8391
0.6074
0.6038
0.6072
0.6062
0.6069
0.6072
0.604
0.6064
0.6037
0.6081
0.607
0.6044
0.6073
0.6071
0.6041
0.6074
0.6047
0.6086
0.6016
0.6032
0.6079
0.7845
0.6036
0.8117
0.6077
0.6041
0.6515
0.6037
0.607
0.6066
0.6041
0.6061
0.603
0.6074
0.6078
0.6034
0.6066
0.6074
0.6044
0.6065
0.6038
0.6144
0.6073
0.6062
0.6084
0.6044
0.6078
0.6699
0.6491
1.0028
0.6986
0.6245
0.6767
0.6225
0.6063
0.6031
0.6072
0.6036
0.6071
0.6069
0.6043
0.6065
0.6031
0.6095
0.6132
0.6029
0.6067
0.6036
0.6076
0.6072
0.6032
0.606
0.6039
0.6062
0.7755
0.6038
0.6072
0.6076
0.6047
0.6063
0.6071
0.6034
0.6098
0.6035
0.6083
0.6068
0.6036
0.6064
0.6046
0.6121
0.6069
0.6039
0.6082
0.6036
0.6101
0.6067
0.6042
0.6064
0.6038
0.6071
0.8521
0.9346
0.6058
0.7222
0.6076
0.6036
0.6078
0.6071
0.6047
0.6076
0.6041
0.6072
0.607
0.6034
0.6101
0.5977
0.6073
0.6067
0.6035
0.6074
0.607
0.6047
0.6089
0.6034
0.6073
0.7108
0.6041
0.7468
0.6074
0.6032
0.6083
0.6046
0.6069
0.6067
0.6046
0.6065
0.6066
0.6038
0.6116
0.597
0.6061
0.6088
0.6036
0.6072
0.604
0.6071
0.6075
0.604
0.6071
0.6037
0.6082
0.7091
0.6051
0.6074
0.7144
0.6182
0.6083
0.6034
0.6082
0.6068
0.6036
0.6095
0.6127
0.6034
0.6074
0.6033
0.6071
0.6065
0.604
0.6064
0.6029
0.6077
0.608
0.6035
0.6078
0.6035
0.6076
0.6755
0.6203
0.6069
0.6077
0.6685
0.6508
0.6038
0.6068
0.6068
0.6044
0.6138
0.6064
0.6036
0.6079
0.604
0.6069
0.6071
0.604
0.6059
0.6042
0.6055
0.6075
0.6031
0.6095
0.6042
0.6075
0.7575
0.9766
0.6049
0.607
0.6064
0.7533
0.6065
0.6133
0.6035
0.6072
0.6034
0.608
0.6071
0.6042
0.6065
0.6045
0.6073
0.6084
0.6048
0.6068
0.6045
0.6072
0.6064
0.6044
0.6036
0.6026
0.7088
0.6074
0.6034
0.6071
0.6063
0.6054
0.7323
0.6077
0.6043
0.6073
0.6038
0.6097
0.6069
0.6039
0.6064
0.6036
0.6072
0.61
0.6036
0.6077
0.6059
0.6044
0.6071
0.6043
0.607
0.6809
0.6035
0.6092
0.6032
0.6071
0.6134
0.6033
0.6069
0.7617
0.6041
0.6078
0.604
0.6076
0.6063
0.6646
0.6511
0.6075
0.6044
0.6078
0.604
0.6073
0.6075
0.6047
0.6037
0.5991
0.6088
0.7221
0.7058
0.6066
0.6146
0.6037
0.6065
0.6061
0.6036
0.6068
0.7384
0.6073
0.6069
0.6035
0.6079
0.6072
0.6045
0.6073
0.603
0.6075
0.6088
0.6041
0.6039
0.5985
0.6057
0.6064
0.603
0.9337
0.8615
0.6071
0.6034
0.6083
0.6033
0.6084
0.6067
0.6035
0.7139
0.6076
0.6041
0.6081
0.6052
0.6066
0.6067
0.6048
0.6061
0.6042
0.6068
0.6067
0.6042
0.608
0.6035
0.6066
0.7898
0.6353
0.6037
0.6069
0.6041
0.6076
0.607
0.6057
0.6063
0.6041
0.6079
0.784
0.6043
0.6076
0.6064
0.6037
0.6072
0.6035
0.6069
0.6063
0.6033
0.607
0.6037
0.6075
0.612
0.6036
0.8243
0.6103
0.6028
0.6078
0.607
0.6047
0.6075
0.6046
0.6064
0.6063
0.6034
0.6074
0.7163
0.6035
0.608
0.6037
0.6072
0.6079
0.604
0.6071
0.6041
0.609
0.613
0.604
0.607
0.6045
0.7555
0.608
0.6045
0.6074
0.606
0.6043
0.6069
0.6041
0.6075
0.6078
0.6037
0.6072
0.6034
0.704
0.6085
0.6039
0.6095
0.6069
0.6039
0.6081
0.6036
0.6138
0.6066
0.6049
0.6064
0.6038
0.6892
0.6075
0.6033
0.6081
0.607
0.604
0.6076
0.6042
0.6093
0.6077
0.603
0.607
0.6039
0.6067
0.7556
0.6042
0.6065
0.6068
0.6043
0.6103
0.5976
0.6508
0.6063
0.6034
0.6811
0.7968
0.6502
0.6077
0.6094
0.6036
0.6069
0.6078
0.6042
0.608
0.6037
0.6091
0.6074
0.6035
0.6074
0.6045
0.6063
0.7595
0.6031
0.6136
0.6063
0.6034
0.6068
0.6063
0.6084
0.6077
0.6043
0.9889
0.8248
0.6083
0.6039
0.6084
0.6039
0.6081
0.6064
0.6027
0.6077
0.6073
0.6027
0.607
0.6037
0.6074
0.6126
0.7274
0.605
0.6047
0.6072
0.6083
0.6038
0.6075
0.6065
0.6037
0.7163
0.604
0.6015
0.6032
0.6043
0.6086
0.6044
0.6068
0.6088
0.6042
0.6071
0.6092
0.6033
0.6077
0.6027
0.6127
0.6067
0.605
0.7696
0.6226
0.6035
0.6078
0.6037
0.6086
0.6068
0.6044
0.7152
0.6081
0.604
0.6076
0.6062
0.6088
0.6071
0.6039
0.6076
0.6043
0.6068
0.6076
0.6041
0.6143
0.6042
0.607
0.6069
0.6037
0.6072
0.7298
0.618
0.6065
0.6033
0.6073
0.6087
0.6036
0.7045
0.6076
0.6033
0.6078
0.6042
0.608
0.6065
0.6035
0.607
0.6044
0.6066
0.6151
0.6025
0.6063
0.6086
0.6034
0.607
0.6042
0.6085
0.6079
0.7276
0.6365
0.607
0.6045
0.8701
0.8214
0.6474
0.6084
0.6071
0.6046
0.6077
0.6081
0.7512
0.6088
0.6042
0.6147
0.6068
0.6036
0.6098
0.6073
0.6045
0.6083
0.6045
0.6078
0.6071
0.6038
0.6548
0.6963
0.6034
0.7366
0.6047
0.6071
0.6075
0.6044
0.6069
0.6071
0.604
0.6103
0.6039
0.6138
0.6371
0.6783
0.6082
0.6083
0.6037
0.6073
0.605
0.6085
0.6073
0.6041
0.6078
0.6045
0.6081
0.7925
0.6184
0.6073
0.6069
0.6068
0.6072
0.6046
0.6071
0.6082
0.6046
0.6136
0.6036
0.6077
0.6074
0.6041
0.6068
0.6078
0.6037
0.6072
0.6035
0.6077
0.6063
0.6048
0.608
0.6063
0.607
0.7561
1.1711
1.2003
1.1284
0.628
0.7089
0.6377
0.6734
0.6238
0.6568
0.6272
0.6212
0.6243
0.6858
0.6215
0.6302
0.6082
0.6062
0.6082
0.6042
0.6076
0.6082
0.6049
1.0335
0.9837
0.6211
0.6074
0.6028
0.6174
0.6028
0.6077
0.608
0.6052
0.6081
0.6039
0.6076
0.6073
0.6056
0.6073
0.6044
0.6086
0.6071
0.6045
0.6064
0.6044
0.6071
0.6069
0.6035
1.0772
1.0617
0.8946
0.6687
0.6938
0.6618
0.68
0.6396
0.6364
0.6405
0.6385
0.6353
0.6393
0.6549
0.6035
0.6075
0.604
0.6064
0.6069
0.6031
0.6072
0.6036
0.6071
0.7145
0.6039
0.6061
0.6073
0.6029
0.7556
0.6073
0.6038
0.6069
0.6039
0.6069
0.6072
0.6035
0.6079
0.6038
0.6075
0.6076
0.6033
0.6073
0.6042
0.6064
0.6068
0.6037
0.6075
0.6045
0.6104
0.8252
0.6072
0.6033
0.6134
0.6029
0.6065
0.7426
0.6043
0.6069
0.6083
0.6037
0.6065
0.6034
0.6075
0.6066
0.6047
0.6075
0.6036
0.6074
0.6094
0.6031
0.6073
0.604
0.6084
0.7095
0.6046
1.0575
0.7408
0.6072
0.6035
0.6064
0.6071
0.7138
0.6077
0.6075
0.6033
0.6064
0.6035
0.6089
0.6072
0.6045
0.6069
0.6044
0.6079
0.6064
0.6042
0.6061
0.6041
0.6063
0.6073
0.6028
0.7247
0.6228
0.6223
0.6072
0.6045
0.6071
0.6075
0.6052
0.7164
0.6085
0.6039
0.607
0.6043
0.6072
0.607
0.6036
0.6072
0.6033
0.6072
0.6069
0.6035
0.6064
0.6046
0.608
0.6129
0.6032
0.8014
0.7155
0.605
0.6077
0.6081
0.6036
0.6098
0.6035
0.6078
0.7219
0.6047
0.6064
0.6066
0.6036
0.6076
0.6039
0.6369
0.6074
0.6038
0.6077
0.608
0.6055
0.6109
0.5973
0.606
0.6879
0.6189
0.6079
0.6046
0.6062
0.6073
0.603
0.6071
0.6064
0.6037
0.6077
0.7389
0.6071
0.608
0.6039
0.6115
0.6062
0.6042
0.6066
0.6043
0.607
0.6134
0.6032
0.6065
0.6034
0.6076
0.7038
1.1421
0.6438
0.6084
0.6064
0.6048
0.608
0.6076
0.6042
0.61
0.6047
0.7193
0.6078
0.6048
0.607
0.6064
0.6034
0.6068
0.6039
0.6141
0.6065
0.6046
0.6074
0.6038
0.6075
0.678
0.7049
0.6085
0.6065
0.6067
0.6066
0.6049
0.6073
0.6069
0.6029
0.6061
0.6045
0.6074
0.7136
0.6041
0.6073
0.6083
0.6034
0.6143
0.6041
0.6075
0.6069
0.6043
0.6091
0.6053
0.6077
0.7328
0.7551
0.6373
0.7476
0.7465
0.8006
0.6058
0.6073
0.7082
0.6072
0.6079
0.603
0.6085
0.8146
0.769
0.6172
0.6079
0.6068
0.6067
0.6069
0.6047
0.6065
0.6039
0.6071
0.7
0.6207
0.6083
0.6051
0.6078
0.6075
0.6047
0.6074
0.6081
0.6047
0.6072
0.604
0.6089
0.6084
0.6047
0.6643
0.7299
0.6035
0.6078
0.6044
0.6074
0.6067
0.6048
0.6084
0.6049
0.6079
0.7941
0.9465
0.6055
0.6077
0.6089
0.6038
0.6098
0.6036
0.6073
0.6086
0.6051
0.6075
0.6043
0.6136
0.6077
0.6032
0.7757
0.6066
0.6052
0.6082
0.6076
0.6034
0.6081
0.6033
0.6078
0.6979
0.7037
0.6081
0.607
0.6033
0.608
0.6021
0.6081
0.6079
0.6039
0.6069
0.6043
0.6136
0.6095
0.6033
0.6074
0.6043
0.6232
0.8014
0.6605
0.6037
0.6093
0.6039
0.6074
0.6068
0.6047
0.8191
0.6083
0.6033
0.607
0.6037
0.6075
0.6063
0.6036
0.6069
0.6148
0.6048
0.6078
0.6035
0.6067
0.609
0.6046
0.6072
0.6048
0.681
0.8456
0.6061
0.604
0.6063
0.6045
0.6073
0.6974
0.6197
0.6073
0.6032
0.6072
0.6074
0.6042
0.6069
0.6171
0.6051
0.6079
0.6035
0.6074
0.6061
0.6049
0.6074
0.6044
0.6076
0.6077
0.6033
0.8551
0.7644
0.6041
0.607
0.6067
0.6038
0.9614
0.8099
0.6079
0.6058
0.608
0.6043
0.6155
0.6077
0.6047
0.6077
0.6075
0.599
0.6038
0.6045
0.608
0.607
0.604
0.6076
0.6042
0.7231
0.8215
0.7134
0.6046
0.6093
0.6047
0.7884
0.6086
0.6038
0.6084
0.6151
0.6045
0.6068
0.6107
0.6036
0.6077
0.6037
0.607
0.6063
0.604
0.6073
0.6052
0.6074
0.6099
0.6025
0.6069
0.6026
0.6551
0.8795
0.6076
0.6041
0.7151
0.6081
0.6047
0.6139
0.6044
0.6077
0.6082
0.6044
0.607
0.604
0.608
0.6069
0.6071
0.6084
0.6042
0.6087
0.6074
0.6032
0.6064
0.5981
0.6074
0.6069
0.6042
0.7172
0.9014
0.6076
0.7712
0.6136
0.6033
0.6073
0.6081
0.6026
0.6086
0.606
0.6042
0.6064
0.6039
0.6101
0.608
0.6039
0.6072
0.6035
0.6079
0.6063
0.6044
0.6067
0.6043
0.6061
0.6067
0.6034
0.8759
1.0342
0.8367
0.6098
0.6047
0.6073
0.604
0.6072
0.6348
0.6035
0.6077
0.6065
0.6047
0.6072
0.6047
0.6064
0.6075
0.6041
0.6072
0.604
0.6082
0.609
0.604
0.6066
0.6044
0.613
1.0262
0.6068
0.6048
0.6077
0.6045
0.6077
0.6074
0.6032
0.6068
0.6059
0.6043
0.6078
0.6038
0.607
0.6077
0.6055
0.6067
0.6041
0.6082
0.6068
0.6041
0.6074
0.6041
0.6132
0.6063
0.6043
0.8023
0.8319
0.6063
0.6035
0.6087
0.6048
0.6075
0.623
0.62
0.6075
0.6049
0.6075
0.6078
0.6042
0.6078
0.6037
0.6079
0.6079
0.6046
0.6059
0.6041
0.6142
0.6082
0.6035
0.6084
0.6786
0.7233
0.8176
0.7153
0.7098
0.6059
0.6069
0.6045
0.6067
0.6073
0.6034
0.6079
0.6036
0.6079
0.6069
0.6053
0.6075
0.6043
0.6077
0.6128
0.598
0.6059
0.6074
0.6065
0.6086
0.6042
1.0988
0.6793
0.8408
0.6937
0.6037
0.608
0.6038
0.6083
0.6069
0.6037
0.6065
0.608
0.6037
0.6071
0.6028
0.6072
0.6151
0.6041
0.6069
0.6029
0.6087
0.608
0.603
0.6063
0.6032
0.6829
0.6085
0.6046
0.6374
0.9447
0.6077
0.6045
0.6066
0.6041
0.6106
0.6075
0.6062
0.6077
0.6036
0.6071
0.6074
0.6051
0.6155
0.6048
0.6082
0.6069
0.6046
0.6076
0.6038
0.6074
0.6988
0.6039
0.6071
0.6077
0.6053
0.7095
0.8856
0.6051
0.6076
0.607
0.6042
0.6081
0.6037
0.6084
0.6079
0.604
0.6137
0.6073
0.604
0.6075
0.605
0.6071
0.6065
0.605
0.6063
0.6042
0.9216
0.6071
0.6076
0.6036
0.6072
0.6187
0.9835
0.6079
0.6076
0.6039
0.6061
0.6044
0.6072
0.6156
0.6035
0.6075
0.6035
0.6073
0.6067
0.6065
0.607
0.6034
0.6082
0.6071
0.6038
0.9337
0.8389
0.6071
0.6035
0.6081
0.6034
0.6666
0.8581
0.6075
0.6039
0.6079
0.604
0.6149
0.6074
0.6072
0.6076
0.6045
0.6066
0.6084
0.6039
0.6091
0.6082
0.6039
0.6074
0.6044
0.7029
0.6076
0.6042
0.6075
0.6032
0.6072
0.6072
0.6038
0.6727
0.8398
0.6035
0.6141
0.6057
0.6036
0.6076
0.7078
0.6035
0.6076
0.6039
0.6076
0.6079
0.6041
0.6073
0.6034
0.6075
0.7285
0.6047
0.6072
0.6082
0.6041
0.608
0.6038
0.6071
0.6068
0.6041
0.8851
0.7267
0.6051
0.6069
0.6074
0.8542
0.9297
0.6069
0.6071
0.6028
0.6067
0.6074
0.6037
0.6084
0.6041
0.7858
0.6083
0.6043
0.6084
0.6079
0.604
0.6072
0.6048
0.6161
0.608
0.6494
1.0024
0.6076
0.6045
0.6073
0.6097
0.6036
0.607
0.6088
0.604
0.6072
0.6035
0.6071
0.6073
0.6031
0.8655
0.9281
0.6078
0.6042
0.6081
0.6021
0.6144
0.607
0.6046
0.6081
0.6038
0.7085
0.9536
0.6075
0.6046
0.6072
0.6072
0.6035
0.6044
0.5983
0.6058
0.6083
0.6048
0.6068
0.6053
0.7105
0.6075
0.6045
0.6067
0.6126
0.6039
0.6076
0.605
0.6061
0.6069
0.6028
0.608
0.604
0.8812
0.7291
0.6082
0.6042
0.6076
0.6054
0.6073
0.6065
0.6039
0.6072
0.6037
0.6071
0.8762
0.7375
0.6489
0.6146
0.6075
0.6041
0.608
0.6043
0.6074
0.6063
0.604
0.6073
0.6044
0.6064
0.8798
0.7337
0.6043
0.6068
0.6074
0.6032
0.6077
0.6064
0.6078
0.6069
0.6053
0.7352
0.6075
0.6104
0.6076
0.6033
0.607
0.6071
0.6053
0.6064
0.6043
0.6073
0.6079
0.6035
0.6076
0.6035
0.6083
1.0157
0.6055
0.5975
0.6043
0.6046
0.6086
0.607
0.6036
0.6067
0.6041
0.792
0.6078
0.6072
0.6049
0.6073
0.605
0.6067
0.6073
0.6039
0.6071
0.605
0.6076
0.6078
0.604
0.6078
0.6049
0.7744
0.7969
0.6072
0.605
0.6077
0.604
0.6066
0.613
0.6031
0.8337
0.607
0.6051
0.6073
0.6084
0.6055
0.6107
0.6033
0.6068
0.6073
0.6043
0.6077
0.603
0.6065
0.6073
0.6041
0.6074
0.604
0.891
0.6235
0.607
0.6041
0.6144
0.6037
0.6094
0.7082
1.0913
0.6031
0.6077
0.607
0.6043
0.607
0.6045
0.6072
0.6069
0.604
0.6069
0.603
0.6076
0.6075
0.6048
0.607
0.6075
0.6044
1.0333
0.6144
0.6038
0.6891
0.7673
0.7749
0.6176
0.6073
0.6041
0.6065
0.6071
0.6032
0.6083
0.6044
0.6074
0.6067
0.6042
0.6062
0.608
0.6037
0.6089
0.6042
0.6083
0.6057
0.6029
0.6134
0.9431
0.6376
0.6075
0.6772
0.7052
0.6065
0.6062
0.6055
0.6081
0.6045
0.6089
0.6077
0.6046
0.6087
0.6053
0.6071
0.6071
0.6045
0.6074
0.6046
0.6073
0.6073
0.6045
0.6132
0.6073
0.6039
0.6958
0.8626
0.604
0.7284
0.6079
0.605
0.6076
0.6058
0.6066
0.607
0.6036
0.6079
0.608
0.6036
0.6077
0.604
