6.95268e-310
6.95268e-310
12.4991
12.2918
12.9031
12.3506
12.3195
11.9128
12.0037
12.7642
12.061
12.3911
12.8506
12.4735
12.3873
11.5416
12.2677
11.7115
12.2031
12.274
12.092
11.7235
12.4134
11.8872
12.7324
11.7979
11.9218
11.9733
12.9688
11.9391
12.758
11.5533
11.4773
11.6432
12.466
11.8886
12.6118
11.4732
11.9311
12.5132
12.8216
11.7741
11.9013
12.225
11.6087
12.5231
11.7388
12.331
11.5815
12.0206
12.0483
11.9779
12.2612
12.1393
11.9364
11.5086
12.246
12.4782
12.0794
11.9289
12.0862
12.6922
11.7022
12.1923
11.9055
11.8761
11.7175
12.0756
11.7676
12.058
11.808
12.1376
12.3354
11.975
12.3223
11.9426
11.6948
12.323
11.4229
11.1099
11.3664
11.0878
11.0748
10.8083
11.0629
11.8573
11.1856
11.7069
11.1418
10.7905
11.0686
11.4908
11.5306
10.9571
11.0291
10.9885
10.9105
11.0833
11.4091
11.2866
11.101
10.8864
11.6894
11.0465
11.9924
11.4276
10.971
10.9756
11.2853
11.3841
10.8241
11.0564
11.326
10.7569
10.9391
11.6136
10.6968
10.9397
11.1702
11.1027
11.6794
11.3757
11.5409
11.2537
11.7376
11.5736
11.322
12.0318
11.2141
10.8981
10.8503
10.9274
11.2665
10.9284
11.0486
10.7885
10.7935
10.9363
11.3923
10.8773
11.2343
10.7916
11.4789
11.2146
11.5377
11.6665
11.2061
12.611
11.4785
11.4305
10.8748
11.0377
10.8841
10.9249
10.9799
11.382
10.7677
10.8197
10.9405
10.7946
10.8283
11.0538
10.7739
10.747
11.0493
11.227
11.0195
11.1451
10.7509
11.1914
10.8979
11.209
10.9264
10.7758
10.8786
10.8894
10.6948
11.3601
10.8809
10.7816
10.9374
10.9999
10.6956
11.3173
11.0004
10.7855
10.8045
10.8863
11.2608
10.8784
10.8561
10.8454
10.7589
10.8686
11.5069
10.8446
10.882
10.8308
10.8973
10.9143
11.3473
10.9413
10.8388
10.7245
10.9465
10.7417
11.148
10.9726
10.6086
10.8928
10.8741
10.6192
11.1802
10.9087
10.5987
10.798
10.8241
10.6636
11.28
10.8961
10.5696
10.9126
10.8489
10.9812
10.8546
10.8218
10.7937
10.7226
10.6827
11.3277
10.5867
10.6952
11.2671
10.7275
10.8146
11.1913
10.7982
10.7011
10.8835
10.7024
10.8587
11.3077
10.752
10.7257
10.8953
10.9362
10.5872
11.3202
10.84
10.6131
10.8227
10.7453
10.6412
11.2931
10.7615
10.8366
10.788
10.6587
10.8951
11.2738
10.6328
10.6785
10.755
10.6627
10.7757
11.2842
10.7445
10.661
10.8254
10.7129
10.7115
11.3298
10.6625
10.777
10.5603
10.8629
11.2984
10.5585
10.8729
10.7828
10.5528
10.7206
11.1892
10.6414
11.0073
10.8822
10.5772
10.7934
11.3154
10.5612
10.7691
10.6671
10.8391
11.1522
11.081
10.6959
10.7515
10.7703
10.6991
10.8783
10.6346
10.8165
10.812
11.1185
11.0512
10.7201
10.6541
10.7877
10.7334
11.0897
10.7611
10.6998
10.8408
10.7951
10.6023
11.2359
10.9819
10.5828
10.9203
10.8432
10.574
11.3788
10.7914
10.6804
10.7267
10.9325
11.1456
10.6848
10.8219
10.6771
10.8137
12.3391
11.6668
11.0006
11.1455
11.1194
11.0928
11.0053
11.3902
11.1027
10.9715
10.9936
11.1153
11.0223
11.4705
11.2335
11.1221
10.9185
11.2447
11.5124
11.0884
13.8688
11.0728
11.1014
10.993
11.5332
10.9229
11.1398
11.0693
11.1421
10.9544
11.3934
11.1176
11.1594
11.019
10.9775
11.4656
11.0854
11.1063
11.0066
10.9816
10.9329
11.5591
11.175
10.9653
11.0586
11.5453
11.0836
11.431
11.0732
10.9676
10.941
11.3294
11.3695
10.8718
11.1029
11.0867
10.8742
11.121
11.4637
10.8433
11.1822
11.0651
11.0286
11.1274
11.5801
11.0483
10.987
11.0743
10.9662
10.9895
11.396
10.9745
11.0968
11.2593
10.9605
11.4909
10.969
10.9873
11.193
11.0087
11.4402
11.558
11.2609
10.8816
11.089
11.1186
10.9002
11.8663
11.1277
10.9114
11.1794
11.2119
11.5902
10.6903
11.0348
10.661
10.728
11.1127
11.1509
10.7307
10.8886
10.7978
10.7474
10.6642
11.1267
10.6933
10.6222
10.7963
10.9964
11.1502
10.7966
11.109
10.595
10.8125
11.2295
10.5871
10.8261
10.8826
10.5454
10.8676
11.1883
10.6042
10.9218
10.7338
10.7303
10.869
11.2744
10.7024
11.1436
10.6889
10.7083
10.7845
11.1257
10.7503
10.6746
10.8207
10.7634
10.7255
10.7668
11.3755
10.7192
10.6226
11.3588
10.71
10.6981
11.1893
10.5974
10.896
10.8023
10.5778
10.7417
11.1707
10.5934
10.9448
10.8844
10.5875
11.1488
11.4017
10.8087
10.669
10.9835
10.6842
10.7082
11.3041
10.7264
10.6674
10.8042
10.7787
10.6548
11.0694
11.115
10.7022
10.7302
10.8709
10.6695
11.1491
10.8569
10.65
10.6257
10.8055
10.7067
11.1312
12.2742
10.9474
10.5649
10.8632
11.183
10.56
10.7903
10.7886
10.5653
10.8182
11.1291
10.6647
10.8911
10.6271
10.661
10.8528
11.172
10.6781
10.863
11.1015
10.6581
10.8004
11.1507
10.7192
10.613
10.5939
10.6614
10.504
11.1808
10.8522
10.5072
11.0019
10.7483
10.5595
11.1735
10.6947
10.5029
10.6935
10.7645
10.5009
10.7759
10.9333
10.5244
11.2158
10.6143
10.6714
10.7862
10.6385
10.6494
11.2412
10.7205
10.6707
10.8298
10.9846
10.6642
11.271
10.6579
10.6546
10.71
10.6142
10.7362
11.118
10.7288
10.698
10.5072
11.0309
11.1974
10.4808
10.9052
10.8304
10.5192
10.8163
11.132
10.5296
10.8424
10.8031
10.5435
10.7871
11.1473
10.7929
10.7544
10.8351
10.6499
10.7807
11.0714
10.6874
10.743
10.7405
10.7455
10.727
11.0483
10.6593
10.8328
10.6887
10.6959
10.6627
11.2612
10.7509
10.647
10.8172
10.7239
10.5442
11.2286
10.8437
10.5612
10.8296
10.7678
10.6502
11.1002
10.8234
10.5632
10.971
11.0661
10.5511
11.2213
10.629
10.7105
11.089
10.6487
10.653
11.2199
10.6247
10.6853
10.8586
10.6649
10.6177
11.3834
10.6445
10.6992
10.6585
10.6355
11.2378
10.5061
10.7691
10.737
10.5175
10.7976
11.1283
10.5356
10.7771
10.7067
10.5142
10.8283
11.1386
10.5155
11.0364
11.3103
10.4947
10.7539
11.2543
10.5097
10.7232
10.6835
10.6163
10.7118
11.1102
10.6043
10.6931
10.9223
10.6755
10.7746
11.0064
10.782
10.61
10.8269
10.7408
10.5077
11.1703
10.7069
10.5007
10.7606
10.8436
10.5596
11.1639
10.8651
10.5186
10.6889
10.7702
10.5198
11.072
10.7902
10.5426
10.7681
10.7818
10.668
11.2169
12.0656
11.8453
10.6863
10.6509
11.2236
10.6358
10.6983
10.8821
10.7767
10.6984
11.2272
10.6778
10.6679
10.8816
10.7558
10.538
10.9163
10.7859
10.7741
11.1706
10.7587
10.5161
10.7665
10.603
10.623
11.2281
10.6744
10.6472
10.7963
10.6536
10.659
11.1452
10.6398
10.614
10.7596
10.7856
10.6388
11.0678
10.8874
10.6616
10.63
10.7542
10.7133
11.0854
10.8674
10.7621
10.5287
10.787
11.182
10.4264
10.8354
11.0198
10.5315
10.7987
11.538
10.5591
10.8334
10.6356
10.6785
10.7914
10.5966
10.6928
10.7819
10.7182
10.5841
11.2856
10.6603
10.6672
10.7509
10.5187
10.6721
11.0711
10.7788
10.7729
10.7019
10.7719
10.6577
10.9348
10.6796
10.6643
10.7448
10.7816
10.7275
11.2029
10.7636
10.6933
10.5124
10.705
11.2001
10.595
10.7993
10.733
10.699
10.7263
11.0415
10.6624
10.6916
10.566
10.5989
10.7349
11.09
10.7257
10.7743
10.6646
10.627
10.5831
11.2502
10.6121
10.5848
10.83
10.728
11.0648
11.2701
10.7088
10.4852
10.8335
10.7456
10.2457
10.8464
10.5759
10.7268
10.8158
10.7097
10.7538
11.1146
10.6111
10.5779
10.6934
10.5295
10.6011
11.3652
10.9529
10.6273
10.644
10.6162
10.6098
11.0487
10.7313
10.582
10.588
10.9461
10.6148
11.0939
10.708
10.5992
10.9013
10.7552
10.6142
11.2433
10.9686
10.4779
10.8883
10.699
10.4726
11.0639
10.7006
10.4731
10.7167
11.0724
10.5836
11.2495
10.7422
10.5979
10.6543
10.7309
10.9287
10.8047
10.5953
10.7981
10.6286
10.6743
11.1712
10.6768
10.6035
10.6852
10.6345
10.6829
11.2407
11.0813
10.666
10.7836
10.5947
10.6685
11.1505
10.498
10.7135
12.1491
11.0049
10.6579
10.9606
10.5681
10.629
10.7202
10.2471
10.7109
11.1623
10.6942
10.7317
10.7215
10.7742
10.6396
11.2271
10.6492
10.8781
10.9459
10.6934
10.7117
11.0161
10.8538
10.6597
10.584
10.7217
10.6228
11.3462
10.7599
10.7355
10.5785
10.6923
10.5928
11.1676
10.7379
10.4755
10.7158
10.7652
10.4693
11.2519
10.6805
10.4819
10.7666
10.681
10.4851
11.0819
10.7109
10.5047
10.7403
10.7208
10.6407
11.2763
10.9556
10.7152
10.5707
10.6564
11.2474
10.6741
10.7907
10.7481
10.6624
10.6671
11.1952
10.6378
10.8567
10.7199
10.495
10.8108
11.3445
10.4797
10.7119
10.8599
10.4786
10.7071
11.1641
10.5076
10.7486
10.8248
10.5079
10.8366
11.168
10.5014
10.7366
10.587
10.7507
10.6391
11.1021
10.9001
10.5673
10.57
10.716
10.5994
11.1292
10.7438
10.5932
10.6377
10.8279
10.4884
11.1999
10.9117
10.476
10.9418
10.7437
10.5043
11.0794
10.824
10.5862
10.8428
10.8553
10.5183
10.9954
11.0398
10.4954
11.2301
10.5833
10.7574
10.5442
10.5921
10.8962
10.7505
10.5345
10.751
10.963
10.8834
11.5334
11.0334
10.8779
11.0216
10.9725
10.9384
11.3757
10.9161
10.8997
10.9547
11.0236
10.7895
11.2999
11.0536
10.8097
10.9858
10.9372
10.7948
11.2708
11.0247
10.7853
11.3121
10.8569
10.8631
11.406
10.9222
11.0439
10.8414
11.0436
11.3901
10.6508
10.5739
11.0577
10.6332
10.6157
11.2432
10.6247
10.5637
10.7462
10.6384
10.6487
11.1776
10.5972
10.5536
10.8105
10.4586
10.7341
11.2061
10.492
10.7502
10.69
10.4833
10.7992
11.157
10.4595
10.6842
10.733
10.5837
10.6523
11.1153
10.6866
10.6067
11.9068
10.8463
10.6146
11.2756
10.7456
10.6418
10.5737
10.6937
10.6748
11.0919
10.6742
10.6704
10.5778
10.7819
10.623
11.1874
12.0003
10.62
10.608
10.6201
10.5048
11.0566
10.8548
10.7023
10.7554
10.7461
10.7675
10.9798
10.8743
10.5767
10.6425
10.7581
11.0936
10.7125
10.5516
10.8764
10.6494
10.6089
11.2892
10.637
10.6054
10.7711
10.7569
10.5802
11.1953
10.5842
10.5606
10.7198
10.5621
10.5729
11.0516
10.4776
10.8032
10.7244
10.4717
10.7262
11.1844
10.4785
10.6648
11.7503
10.7096
10.9349
11.2551
10.7935
10.6437
10.7013
10.6387
10.6134
11.3937
10.5835
10.6311
10.7252
10.6791
10.6119
11.0307
10.7129
10.652
10.5545
10.7459
10.5788
11.1824
10.7061
10.6267
10.5862
10.8746
10.4863
11.051
10.684
10.4649
10.6068
10.7884
10.4689
11.222
10.8288
10.4774
10.7423
10.6987
10.5042
11.0836
10.5682
10.7052
10.8475
10.5444
10.6565
11.1822
10.6126
10.6076
10.7307
10.6506
10.9819
11.3203
10.5765
10.8377
10.4877
10.7147
11.1716
10.481
10.6991
10.6757
10.5914
10.7277
11.1639
10.4677
10.6874
10.9033
10.4921
10.7561
11.16
10.5697
10.7031
10.6112
10.5964
10.7145
11.1018
10.5741
10.737
10.5559
10.5616
10.746
11.1006
10.5664
10.7412
10.5651
10.5848
10.6885
11.1066
10.6245
10.7444
10.7016
10.6189
10.5876
11.1732
10.642
10.5798
10.7586
10.6323
10.9981
10.8067
10.7475
10.8143
10.7214
10.5547
10.6241
10.8523
10.9996
10.5705
10.8908
10.5804
10.5591
10.6316
11.0472
10.6669
10.5676
10.7063
10.6235
10.6705
11.272
10.6281
10.6605
10.6717
10.618
10.5626
11.1451
10.5752
10.5681
10.8181
10.4609
12.2586
12.8559
11.6049
10.4713
10.6147
10.6907
10.46
11.5138
10.8746
10.4715
10.7013
10.6606
10.6024
11.1817
10.6285
10.8466
10.9551
10.6334
10.6213
11.1571
10.5476
10.6098
10.6856
10.72
10.5609
11.0828
10.5482
10.6667
10.8472
10.7609
10.6156
11.1279
10.6761
10.7341
10.4622
10.7253
10.7697
10.4527
11.2903
10.6978
10.4608
10.7111
10.5481
10.5486
11.2216
10.5785
10.6407
10.6372
10.5341
10.5416
11.2126
10.5448
10.5505
10.6016
10.6316
10.6218
11.0041
10.6549
10.5938
10.6696
10.6445
10.5385
11.0352
10.7223
10.5881
10.5893
10.6391
10.4174
11.0607
10.7511
10.42
10.6438
10.6923
10.4385
11.1717
10.6631
10.4415
10.83
10.6857
10.4498
11.1691
10.5431
10.6006
10.733
10.6095
10.5693
11.1206
10.5217
10.5773
10.7179
10.6133
10.5747
11.0947
10.5397
10.6321
10.5874
10.6853
10.5653
11.0366
10.6427
10.5457
10.6877
10.7194
10.6946
11.0392
10.8979
10.5865
10.5549
11.1806
10.4515
11.0919
10.8592
10.4613
10.5549
10.553
10.4628
11.2338
10.6958
10.4724
11.0219
10.892
10.8684
10.8188
10.5853
10.7201
10.5654
10.5766
11.188
10.6195
10.577
10.7885
10.5801
10.664
11.1589
10.5665
10.5744
10.7268
10.4554
10.7103
11.1253
10.4529
10.8464
11.0418
10.4593
10.6179
11.2978
10.4564
10.7338
10.6788
10.2269
10.6964
10.7022
10.5836
10.6555
10.5563
10.5587
11.2376
10.512
10.578
10.7948
10.6466
10.5306
11.1499
10.4891
10.438
10.765
10.6765
10.6243
11.0482
10.6768
10.7187
10.555
10.775
10.5542
11.0494
10.7582
10.7556
10.4517
10.6624
10.5239
11.1451
10.6418
10.6665
10.5886
10.6724
10.8999
10.5457
12.6501
10.9291
10.7204
10.6898
11.011
10.5722
10.6733
10.5787
10.576
10.533
11.2379
10.6962
10.6689
10.6944
10.7506
10.9227
11.1267
10.5692
10.5173
10.7518
10.55
10.7519
11.135
10.6162
10.4578
10.6395
10.4161
10.6521
10.6341
10.4146
10.6764
10.7324
10.4187
10.997
10.6045
10.417
10.8255
10.5069
10.5563
11.1507
10.7277
10.5485
10.6598
10.5322
10.5554
11.1236
10.6649
10.6513
10.421
10.9686
11.1745
10.4928
10.652
10.7167
10.4183
10.6131
11.1719
10.4087
10.6642
10.7544
10.4051
10.6177
10.9607
10.5549
10.712
10.5165
10.5518
10.7882
10.9686
10.6468
10.6542
10.4971
10.5679
10.6619
11.0219
10.5583
10.6144
10.6515
10.5579
10.7176
11.0804
10.5431
10.5496
10.6695
10.5926
10.4969
11.2564
10.5194
10.6118
10.7822
10.3941
10.6936
11.0616
10.401
10.6198
10.7059
10.407
10.6711
11.0727
10.415
10.636
10.6483
10.6199
10.6103
10.9642
10.5321
10.7396
11.673
13.1177
13.5935
11.2298
10.5166
11.3629
10.7914
10.6661
10.9111
10.9098
10.5921
11.5257
10.5395
10.8207
10.8338
10.4154
10.8853
11.353
10.4074
10.9169
10.9817
10.5016
10.8188
11.3412
10.5058
10.8014
10.9056
10.5176
10.8965
11.462
10.5696
10.8278
10.6016
10.88
10.801
10.874
10.9175
10.817
10.4301
10.9113
10.7356
10.9035
10.8781
10.9107
10.4917
10.9087
11.1851
10.7152
10.9059
10.7685
10.5513
11.0171
10.9891
10.8134
11.0285
10.5177
10.8234
11.0359
10.9945
10.8026
10.8819
10.5836
10.7972
10.8688
10.9804
10.8875
10.6636
10.6679
10.5678
10.579
11.145
10.526
10.8018
10.7101
10.5803
10.5302
11.3783
11.0024
10.4889
12.0975
10.9732
10.4413
11.0995
10.6408
10.4139
10.7738
10.829
10.4434
11.1537
10.5521
10.4767
10.6512
10.5298
10.808
11.2205
10.528
10.5824
10.6633
10.5297
10.5012
11.1428
10.6264
10.5864
10.5807
10.7453
10.5862
11.1616
10.6559
10.5893
10.6445
10.6559
10.5396
11.0068
10.7233
10.6649
10.5042
10.6263
10.4299
10.9494
10.6569
10.4414
10.6941
10.6998
10.5451
11.129
10.682
10.4246
10.668
10.9087
10.4961
11.1897
10.5338
10.5834
10.9251
10.5174
10.5296
11.142
10.5861
10.6224
10.5525
10.7898
10.7101
10.519
10.7502
11.108
10.508
10.6667
10.6562
10.4384
10.7362
11.2389
10.4269
10.7388
10.7008
10.4099
10.6272
11.0403
10.5338
10.632
10.5105
10.5529
10.6708
11.1246
10.5794
10.8435
10.5141
10.6026
10.653
10.9712
10.6262
10.6008
10.7579
10.5404
10.4794
11.3293
10.5646
10.5394
10.6907
10.5691
10.5579
11.1644
10.6883
10.5245
10.7572
10.4486
10.7736
11.2347
10.4372
10.9844
10.6729
10.5359
10.6935
11.1228
10.4316
10.8071
10.7581
10.4349
10.8589
10.9101
10.5837
10.7319
10.693
10.5925
10.7221
11.0672
10.675
10.542
10.6372
10.6388
10.6876
10.9488
10.6009
10.4306
10.6207
10.6232
10.4248
10.9383
10.6103
10.4197
10.7194
10.6073
10.5082
11.0724
10.4999
10.541
10.6247
10.6475
10.5305
11.0912
10.6191
10.5101
10.6198
10.4907
10.5261
11.0332
10.6645
10.5251
10.5696
10.751
10.5643
11.1429
10.8248
10.5477
10.5208
10.709
10.5735
11.0223
10.6663
10.5089
10.6519
10.6348
10.4155
11.1192
10.6452
10.4233
10.6132
10.6808
10.5156
11.3192
10.6849
10.41
10.7305
10.5049
10.4854
11.0872
10.6385
10.5229
12.3423
10.5848
10.9745
10.6897
10.4991
10.7106
10.6039
10.8574
11.0887
10.6442
10.7545
10.6912
10.4064
11.146
10.5883
10.4097
10.6034
10.6231
10.4096
11.3033
10.6012
10.4073
10.7218
10.4437
10.5612
11.0814
10.4944
10.5477
10.6131
10.5896
10.5184
11.0996
10.5777
10.5053
10.6606
10.5073
10.536
10.9496
10.7667
10.5785
10.5068
10.5906
10.5155
10.9729
10.6314
10.4727
10.4752
11.2115
10.497
11.0806
10.5658
10.3726
10.7122
10.8295
10.3882
11.0705
10.668
10.488
10.6262
10.6202
10.3948
11.1424
10.4959
10.5339
10.8143
10.4886
10.508
11.123
10.5543
10.5651
10.6481
10.7174
10.5266
11.0527
10.6652
10.5024
10.5094
10.8254
10.4976
11.0221
10.652
10.5281
10.492
10.6459
10.4092
11.1142
10.6839
10.3925
10.6536
10.6073
10.3915
11.023
10.6696
10.3979
10.6889
10.6808
10.4951
11.1333
10.4949
10.5197
10.6336
10.4652
10.5194
11.0748
10.9371
10.7565
10.4999
11.1469
11.0638
10.4985
10.6525
10.5981
10.3998
10.5881
11.1252
10.5417
10.6134
10.6283
10.3826
10.6811
11.0653
10.4383
10.5963
10.4983
10.5198
10.7563
10.9379
10.4955
10.6025
10.6268
10.5089
10.6053
10.9063
10.5259
10.6852
10.6034
10.5545
10.5614
11.0781
10.5493
10.4905
11.181
10.5066
10.4572
11.1768
10.556
10.6513
10.645
10.4169
10.747
11.0293
10.4097
10.6184
10.9596
10.3988
10.6961
11.0281
10.4047
10.5861
10.6285
10.3787
10.7212
10.9823
10.6104
10.6218
10.4972
10.5136
10.6099
10.9213
10.5562
10.779
10.5242
10.5099
10.6189
11.1794
10.5135
10.4872
10.6982
10.5011
10.5088
11.0661
10.527
10.5943
10.5644
10.3792
10.624
11.1256
10.433
12.2487
10.8191
10.3982
10.5913
11.2489
10.4044
10.6499
10.5615
10.3767
10.6103
11.0415
10.3784
10.8416
10.8809
10.6327
10.5831
10.9193
10.5608
10.5041
10.6307
10.5813
10.5936
10.9282
10.802
10.3767
10.5459
10.5761
10.3924
11.1098
10.6378
10.3803
10.7194
10.6599
10.3552
11.0517
10.5335
10.3708
10.5899
10.38
10.6452
11.0381
10.3548
10.7926
10.6368
10.3576
10.6241
11.1092
10.3965
11.1707
10.4774
10.7064
10.5159
11.079
10.5668
10.5241
10.4816
10.795
10.5624
10.9909
10.9155
10.5289
10.5847
10.8586
10.3933
11.1355
10.6095
10.3965
10.6502
10.6034
10.383
11.0719
10.7344
10.3808
10.6107
10.469
10.4991
11.2163
10.5954
10.5104
10.6175
10.5976
10.6356
11.0373
10.4837
10.5233
10.4872
11.0674
10.5486
10.9271
10.568
10.5919
10.5125
10.6406
10.4896
10.9844
10.6608
10.5416
10.5374
10.5828
10.4299
11.2412
10.7165
10.5307
10.6613
10.6664
10.3844
11.1529
10.9441
10.3811
10.7295
10.5716
10.4315
10.6423
10.986
10.539
10.5679
10.5128
10.5469
10.6133
10.997
10.4751
10.5829
10.5664
10.5518
10.5748
11.0958
10.5064
10.5163
10.6302
10.6218
10.4777
11.1
10.5355
10.6429
10.623
10.3944
10.7271
11.1594
10.4936
10.5337
11.0614
10.399
10.6468
11.0186
10.3982
10.7066
10.7008
10.3675
10.7337
11.0183
10.524
10.6208
10.4733
10.5243
10.9335
10.9943
10.5129
10.7383
10.4996
10.5172
10.4871
11.0795
10.5116
10.4951
10.7409
10.5409
10.514
11.1658
10.5512
10.5126
10.6795
10.4038
10.6027
10.9962
10.4049
10.7813
10.7011
10.4939
10.6519
11.2827
10.5434
10.5461
10.6342
10.447
10.6043
10.9835
10.7366
10.5793
11.9615
10.8258
10.5973
11.0161
10.6302
10.5586
10.6679
10.6002
10.6723
11.0597
10.6279
10.5314
10.9334
10.6415
10.4187
11.0751
10.6901
10.506
10.6195
10.563
10.4194
10.9463
10.6179
10.4246
10.9122
10.513
10.556
11.1516
10.809
10.5517
10.5831
10.5332
10.5334
10.7036
10.4859
10.5546
10.7678
10.5611
10.5492
10.9364
10.6225
10.5638
10.5019
10.6595
10.5499
11.0564
11.0736
10.507
10.5806
10.6942
10.4086
11.2038
10.682
10.4118
10.5799
10.5812
10.514
11.1369
10.5771
10.3951
10.9363
10.6392
10.3841
11.0824
10.6068
10.5935
10.621
10.4805
10.5297
11.1746
10.4984
10.5119
10.6614
10.4581
10.489
11.0501
10.6203
10.5532
10.5683
10.6913
10.5276
10.981
10.5929
10.4747
10.6087
10.6017
10.3875
11.1473
10.6832
10.3919
10.7332
10.6232
10.3943
11.1064
10.7361
10.3982
10.6729
10.6106
10.3721
11.3779
10.7716
10.8456
10.8588
11.0344
11.4313
11.1521
11.0384
10.817
10.5139
12.4048
12.6645
11.8712
10.7105
10.5444
10.6377
10.4417
11.1447
10.7905
10.3948
10.6969
10.6269
10.4009
11.4506
10.5852
10.3989
10.598
10.6765
10.3931
11.4757
10.7151
10.3876
10.6666
10.5952
10.5173
11.0631
10.4932
10.5373
10.641
10.4482
10.4922
11.1896
10.5884
10.5279
10.4597
10.637
10.5636
10.981
10.6396
10.5106
10.5623
10.6569
10.6292
10.9835
10.6518
10.3966
10.7526
10.5879
10.3992
11.051
10.5841
10.4024
10.7078
10.5915
10.4011
11.1138
10.5715
10.4166
10.5758
10.5146
10.5809
11.1689
10.4825
10.5417
10.6303
10.6389
10.5667
11.111
10.5664
10.5648
10.5109
10.8179
10.5808
11.0417
10.6095
10.5178
10.5012
10.6642
10.5598
12.2731
10.7182
10.7529
10.4042
10.6533
10.6525
10.784
10.8465
10.6278
10.4946
10.6868
11.2389
10.574
10.7084
10.5066
10.5354
10.7612
10.4711
10.5358
10.998
10.7636
10.5289
10.482
10.7196
10.5461
10.8987
10.6107
10.5043
10.5129
10.594
10.49
10.8198
11.2304
10.4296
10.7587
10.6354
10.4017
10.5638
11.0351
10.4085
10.7092
10.6862
10.3997
10.6639
10.9457
10.5444
11.1598
10.4874
10.4993
10.7107
11.0948
10.617
10.6087
10.5271
10.5248
10.5013
11.0991
10.525
10.8497
10.7353
10.5379
10.6109
11.0166
10.5125
10.5753
10.7605
10.5269
10.5298
11.1933
10.4023
10.5563
10.6249
10.4038
10.6124
11.0633
10.3802
10.6602
10.6482
10.5067
10.64
11.003
10.6886
10.5465
10.4844
10.7158
10.5401
10.8349
10.6544
10.6808
10.6819
10.5972
10.5488
10.9996
10.6067
10.4021
10.7704
10.6547
10.519
11.2108
10.647
10.3963
10.6754
10.517
10.3994
11.1924
10.8676
10.409
10.7068
10.6348
10.525
11.0586
10.4858
10.5463
10.6148
10.5511
10.5538
11.074
10.599
10.5184
10.4764
10.5987
10.5398
10.9918
10.6143
10.5345
10.5671
10.6838
10.5199
10.9387
10.6595
10.3928
10.6785
10.6038
10.392
11.0842
10.6472
10.4678
10.5628
11.0739
10.3742
11.0611
10.5964
10.3758
10.5655
10.4728
10.5853
11.04
10.5155
10.4789
10.608
10.5066
10.4607
11.2634
10.5223
10.5094
10.5714
10.6062
10.5102
11.0133
10.6655
10.5034
10.4863
10.6133
10.4924
11.1098
10.7247
10.3998
10.6979
10.6781
10.3903
11.0898
10.6283
10.3931
10.5428
10.7096
10.3922
10.9565
10.6701
10.6362
10.6057
10.8271
10.5775
11.1607
10.4919
10.5363
10.6773
10.6654
10.5047
12.1556
11.0773
10.554
10.5964
10.5345
10.5874
10.496
11.1532
10.5605
10.5691
11.1038
10.4929
10.544
11.0758
10.5112
10.5417
10.5962
10.384
10.7833
11.0991
10.4019
10.615
10.6397
10.3708
10.6812
11.0796
10.4003
10.6735
10.5966
10.4025
10.6057
10.9785
10.5091
10.6546
10.564
10.5436
10.6571
11.0812
10.5037
10.6073
10.5731
10.5157
10.5909
11.1543
10.6659
10.8201
10.6756
10.4884
10.5001
11.0986
10.5464
10.787
10.6072
10.5982
10.4692
11.004
10.399
10.6769
10.9168
10.3953
10.6308
11.0147
10.3941
11.0575
11.3381
10.4956
10.55
11.058
10.5275
10.5761
10.6181
10.6348
10.6384
11.0058
10.7163
10.5568
10.6096
10.6425
10.5464
10.9808
10.7519
10.5196
10.5749
10.6884
10.4165
11.1997
10.6263
10.4008
10.5335
10.6366
10.4083
11.1504
10.7669
10.412
10.6278
10.669
10.5643
11.1626
10.4996
10.5277
10.6826
10.6665
10.7286
11.1162
11.0742
10.5602
10.6794
10.6463
10.6946
10.4141
10.5778
10.8708
10.4113
11.1177
10.7523
10.4015
10.6059
10.8178
10.4107
10.8387
10.734
10.4261
11.0433
10.5168
10.5468
11.1336
10.4756
10.5451
10.8345
10.4864
10.5913
10.9888
10.5929
10.551
10.502
10.6217
10.5016
10.9717
10.9264
10.5746
10.504
10.6125
10.5405
10.8763
10.6394
10.4996
10.6434
10.5784
10.3942
11.2514
10.901
10.386
10.6392
10.6944
10.3838
10.8941
10.6919
10.3891
10.6517
10.5471
10.5
11.0566
10.6058
10.5252
10.5842
10.48
10.5378
11.0332
10.5335
10.5494
10.5121
10.6684
10.4968
11.0347
10.6392
10.5392
10.5003
10.6054
10.7849
10.9441
10.6954
10.488
10.5216
10.7157
10.3938
10.6166
10.578
10.3918
12.3796
10.9962
10.3948
10.6603
10.8456
10.3887
10.7137
11.1608
10.4021
10.8983
10.7801
10.5631
10.6431
10.9434
10.5163
10.6159
10.6125
10.5437
10.7588
11.0106
10.5031
10.6352
10.5701
10.513
10.5919
11.09
10.546
10.7109
10.7861
10.5566
10.501
11.9428
11.3179
10.4056
10.6741
10.6571
10.4071
11.0242
10.6522
10.4907
10.745
10.5147
10.5487
11.0773
11.0506
10.5584
10.7413
10.5815
10.472
11.2118
10.8845
10.8127
10.9237
10.7355
10.8369
11.1755
11.079
10.9193
10.5002
10.5953
10.5038
10.9629
10.6331
10.5412
10.4724
10.5952
10.5825
10.9737
10.6245
10.3608
10.8522
10.6071
10.3791
10.986
10.6431
10.3744
10.6954
10.7426
10.3652
11.1184
10.5241
10.4587
10.7453
10.6024
10.5384
11.213
10.4673
10.5456
10.6733
10.4649
10.4754
11.188
10.4589
10.519
10.4608
10.6932
10.5163
11.0236
10.6512
10.5309
10.4887
10.9047
10.5024
11.0443
10.6526
10.4787
10.6299
10.7101
10.3922
11.0429
10.6149
10.378
10.5981
10.5929
10.481
10.9514
10.557
10.4906
10.6487
10.4934
10.5351
10.7077
10.4738
10.5301
10.7127
10.9473
10.378
10.4743
10.711
10.4845
10.4819
11.0305
10.514
10.4789
10.8142
10.5136
10.5979
10.9784
10.4293
10.616
10.6936
10.3869
10.6262
11.2047
10.4175
10.6363
11.0924
10.4034
10.6744
10.9959
10.393
10.9616
10.4919
10.6632
10.698
10.9423
10.4804
10.6182
11.1323
10.4921
10.6889
10.8824
10.8812
10.5604
10.4754
10.6716
10.3744
11.07
10.5975
10.3783
10.6764
10.6226
10.4917
10.6337
10.8188
10.3942
10.6287
10.5081
10.4905
10.8123
10.9202
10.6151
10.8199
10.5737
10.492
10.6203
10.9462
10.5038
12.2514
10.7687
10.5001
11.5635
10.9597
10.556
10.6383
10.7488
10.7324
10.7741
11.1835
11.0041
11.7338
11.0133
10.6415
10.3743
10.6029
10.595
10.3714
10.9805
10.6551
10.3693
10.8155
10.7185
10.4513
10.9875
10.6031
10.4839
10.5994
10.5925
10.5183
11.0069
10.6595
10.481
10.5947
10.3047
10.4889
10.959
10.5927
10.4759
10.4863
10.6934
10.5101
10.9117
10.5757
10.429
10.5825
10.5914
10.3754
11.0403
10.635
10.5163
10.5717
10.8164
10.3745
10.8816
10.8288
10.387
10.5965
10.5416
10.488
10.8761
10.9138
10.5299
10.6843
10.4659
10.4832
10.6007
10.9285
10.49
10.563
10.5521
10.4658
10.4892
11.1805
10.4949
10.5105
10.6162
10.4893
10.4799
11.2106
10.3621
10.642
10.59
10.3675
10.7731
11.0258
10.3727
10.7454
10.6306
10.3812
10.7619
11.1587
10.4518
10.5611
11.2615
11.3417
10.5884
11.0006
10.5735
10.7547
10.4742
10.6867
10.9141
10.9708
10.5849
10.7128
10.5996
10.5181
10.5758
11.0882
10.4965
10.4633
10.6624
10.4737
10.308
10.8349
10.4592
10.6087
10.6084
10.4036
10.5913
11.1515
10.3694
10.6554
10.6109
10.3733
10.692
11.1964
10.3732
10.6682
10.4533
10.5323
10.5808
10.9607
10.5023
10.6159
10.9135
10.4939
10.7064
10.8943
10.4899
10.5766
10.4747
10.582
10.7048
10.7795
10.6121
10.4664
11.1944
10.4807
10.5027
10.653
10.5333
10.5057
11.0504
10.3984
10.9722
10.7078
10.3981
10.6376
11.08
10.41
10.6966
10.6609
10.4055
10.8146
10.5709
10.5342
10.9748
10.5104
10.5445
10.6256
10.5798
10.5259
11.1257
10.5572
10.507
10.697
10.4882
10.493
10.9834
10.627
10.5528
10.4713
10.7307
10.6659
11.0251
12.0789
10.9666
10.4136
10.7378
10.9671
10.3894
10.6513
10.5678
10.7094
10.9539
10.9049
10.5307
10.5925
10.4668
10.5431
10.5884
10.8751
10.5792
10.6432
10.4881
10.5361
10.5957
11.1491
10.5047
10.6859
10.8409
10.7016
10.4084
11.1738
10.5217
10.567
10.6372
10.3787
10.6735
10.6126
10.3972
10.617
11.0234
10.3696
10.6371
10.715
10.371
10.5676
10.6037
10.5411
10.6678
10.6024
10.5097
10.5991
11.1018
10.5316
10.6488
10.5291
10.5563
10.5123
11.2561
10.5385
10.5124
10.6383
10.5667
10.5088
11.1615
10.5172
10.5442
10.6404
10.7798
10.5139
11.0257
10.4003
10.7144
10.5763
10.3935
10.7392
10.6578
10.4846
10.7912
11.0396
10.4059
10.6163
10.9962
10.4619
10.6047
10.9433
10.5756
10.6882
10.5233
10.524
10.5928
10.919
10.5133
10.6529
10.5372
10.5628
10.5319
11.2443
10.5147
10.6044
10.6255
10.5381
10.4757
11.142
10.5001
11.1364
10.6324
10.5672
10.4855
11.0997
10.5497
10.5471
10.6721
10.5012
10.5123
10.6836
10.9797
10.6984
10.7797
10.6604
10.5717
10.5387
11.107
10.5464
10.5903
10.8477
10.5299
10.5405
10.9865
10.5462
10.6434
10.6979
10.5959
10.4892
10.6163
10.5132
10.818
11.3337
10.4507
11.2124
10.7035
10.4258
10.6133
11.0758
10.5139
10.7014
10.6658
10.4186
10.596
10.9903
10.5287
10.6189
10.8354
10.5271
10.7861
10.8877
10.5321
10.6517
10.4817
10.5168
10.5596
11.0963
10.4966
10.5154
10.842
10.5317
10.5072
11.1754
10.5398
10.5936
10.7248
10.5712
10.4858
10.7748
10.3903
10.8792
10.615
10.3783
10.6249
10.607
10.3937
11.1101
10.6031
10.4808
10.581
10.5209
10.5361
11.1077
10.4912
10.5096
10.5864
11.8894
11.2123
11.0663
10.5778
10.631
10.5349
10.7422
11.4028
10.5102
10.4813
10.6905
10.4815
10.7116
11.034
10.3831
10.6087
10.6802
10.3864
10.59
10.9045
10.4745
10.5701
10.5853
10.5224
10.5841
10.9339
10.5123
11.4889
10.8294
10.5628
10.6775
11.0879
10.486
10.5619
11.227
13.4781
10.8804
10.8483
10.9045
10.6617
10.4916
11.1655
10.5487
10.4984
10.6531
10.3914
11.052
10.6981
10.3817
10.7818
10.5973
10.3946
11.2066
10.5599
10.3828
10.9296
10.5318
10.4332
11.2186
10.4814
10.4901
10.7881
10.4602
10.5186
11.0879
10.5027
10.5079
10.6942
10.5821
10.5385
10.9494
10.6748
10.5652
10.4726
10.658
10.5222
10.9808
10.6593
10.6358
10.5641
10.6884
10.3955
11.143
10.6472
10.3957
10.6796
10.6001
10.4756
10.895
10.6135
10.3928
10.6264
10.4934
10.5686
11.0911
10.5464
10.5769
10.7531
10.5607
10.4903
11.1699
11.0367
10.5013
10.5815
10.5735
10.5251
11.0539
10.635
10.596
10.5596
10.7523
10.4988
10.9626
10.6505
10.5362
10.4995
10.7022
10.3805
11.0537
10.7064
10.4069
10.6682
10.603
10.4139
11.0627
10.6174
10.4877
10.9422
10.6022
10.4016
11.3881
10.4898
10.5264
10.6157
10.5071
10.6293
10.9861
10.4851
10.5063
10.7443
10.6369
10.5585
11.195
10.6325
10.7637
10.5139
10.6248
10.7606
10.7548
10.5822
10.7403
10.4127
10.6038
10.8189
10.7998
10.5752
10.5262
10.5594
10.7773
10.8604
10.6884
10.7022
10.5059
10.5277
10.7642
10.9777
10.6431
10.6318
10.5647
10.605
10.5383
11.1252
10.5662
10.5273
10.7802
10.5446
10.6707
11.041
10.5694
10.5116
10.8802
10.4062
10.6801
11.2419
10.4176
10.6176
10.6688
10.4218
12.1617
11.0835
10.4078
10.6102
10.8492
10.5221
10.8856
11.0934
10.5659
10.7472
10.5551
10.5048
10.6112
11.1095
10.9552
10.5403
10.5277
10.7184
10.5642
10.8619
10.7486
10.5972
10.4954
10.6111
10.5397
10.759
11.1575
10.4332
10.6708
10.6399
10.444
10.6792
11.1298
10.5378
10.6608
10.7269
10.4166
10.6325
11.0439
10.559
10.6594
11.0963
10.5619
10.7638
11.0768
10.5835
10.7614
10.6358
10.5925
10.6504
10.6848
10.5332
10.6158
11.0512
10.583
10.9566
10.7898
10.5249
10.5033
12.2837
11.2093
10.4235
10.774
10.6393
10.4329
10.672
11.0649
10.4338
10.6616
10.5365
10.5803
10.6377
10.5888
10.5037
11.1164
10.534
10.5874
10.7642
10.526
10.5313
11.0054
10.6786
10.578
10.5549
10.6796
10.5868
11.0398
10.7895
10.6225
10.5514
10.6679
10.6285
10.9579
11.128
10.499
10.6785
10.6177
10.4458
11.0746
10.8708
10.6138
10.9583
10.6832
10.449
11.0831
10.8328
10.4321
10.6868
10.8736
10.4144
11.2249
10.522
10.6954
10.5721
10.5087
10.6297
11.0937
10.7098
10.7717
10.6533
10.5414
11.2537
10.6002
10.5143
10.6152
10.4385
10.6521
11.061
10.4565
10.7258
10.6903
10.4503
10.6388
10.9194
10.4486
10.6477
10.5341
10.5416
10.7254
11.1461
10.6009
10.6262
10.5245
10.5533
10.7719
11.0146
10.5774
11.0594
10.7059
10.5906
10.5482
11.3188
10.6186
10.5514
10.7175
10.5699
10.5403
11.1742
10.6396
10.6716
10.6942
10.5593
10.5253
11.2577
10.4445
10.6768
10.6547
10.531
10.6442
11.0181
10.4588
10.6434
10.6131
10.4386
10.6617
11.1188
10.4454
10.7419
10.5574
10.593
10.7386
11.0264
10.5472
10.7905
10.6517
10.5932
10.7528
12.3377
11.2664
10.5654
10.6436
10.9512
10.5755
11.3103
10.8169
10.5471
10.6742
10.6733
10.432
11.2002
10.7385
10.4271
10.7824
10.7132
10.438
11.2011
10.5903
10.4281
10.7621
10.5363
10.5652
11.0954
10.5908
10.5437
10.665
10.6002
10.541
11.2731
10.5666
10.5852
10.6888
10.6872
10.5834
11.0032
10.7802
10.5633
10.527
11.2161
10.5636
11.0352
10.6839
10.5625
10.5873
10.7373
10.672
11.0373
10.6288
10.4462
10.6448
10.7085
10.4549
11.161
10.7875
10.5678
10.7142
10.6798
10.7674
10.855
10.6795
10.6608
10.5819
10.676
11.2699
10.6347
10.5609
10.7083
10.6113
10.7661
11.1594
10.5682
10.6853
10.6942
10.622
10.6678
11.1749
10.593
10.5912
10.6826
10.4522
10.6498
11.0007
10.4616
10.825
10.6473
10.4588
10.7156
11.1537
10.4583
10.756
10.6685
10.5531
10.7065
11.3355
10.6079
10.6989
10.6804
10.797
11.0309
11.0779
10.8642
10.5855
10.671
10.7551
10.5397
11.0919
10.6321
10.4451
10.684
10.8652
10.4387
11.1198
10.7278
10.4356
10.7066
10.6349
10.4616
11.1661
10.6965
10.4376
10.532
10.4576
10.5816
11.2038
10.6731
10.576
10.8025
10.5295
10.5848
11.0623
10.5541
10.6762
11.1973
10.5351
10.5715
10.9405
10.6436
10.607
10.5385
10.6725
10.6432
11.0973
10.6794
10.7596
10.6815
10.535
10.2516
11.0847
10.6595
10.5333
10.562
10.6948
10.568
11.0547
10.7071
10.5507
10.5515
10.6686
10.7204
10.9572
10.7436
10.5617
10.5891
10.5695
11.2024
10.5831
10.5397
10.8231
10.542
10.674
11.1293
10.5734
10.5482
10.6925
10.449
10.8365
11.1593
10.4569
10.6496
10.8023
10.4643
10.7077
11.0345
10.4601
10.73
11.8513
11.0223
10.8039
11.2778
10.4693
10.8582
11.0218
10.4664
10.7241
11.0801
10.8764
10.6006
10.5722
10.7432
10.5628
11.1287
10.778
10.6173
10.5772
10.6552
10.5649
11.0227
10.8304
10.472
10.9372
10.7147
10.4785
11.2212
10.7094
10.4838
10.7899
10.6332
10.5917
10.7883
10.4624
10.4702
10.684
10.5681
10.5784
11.2714
10.9131
10.6872
10.6623
10.5427
10.6328
11.1832
10.5519
10.6241
10.7085
10.6161
10.5832
11.1232
10.9253
10.555
10.55
10.6633
10.5745
10.9979
10.7373
10.6057
10.7646
10.7543
10.6019
11.0433
10.6621
10.4472
10.6657
10.6834
10.4802
11.0639
10.7706
10.5022
10.7653
10.7566
10.4701
11.1135
10.6768
10.566
10.6043
10.7405
11.1385
10.6912
10.5976
10.7342
10.6129
10.5754
11.0037
10.6298
10.5635
10.7638
10.6003
10.5807
11.1339
10.4493
10.7126
10.745
10.4688
10.6694
11.2049
10.5867
10.7196
10.721
10.4491
10.712
11.1898
10.4459
10.7887
10.5547
10.6481
10.7055
11.0588
10.5797
10.7661
10.5337
10.5802
10.7369
10.995
10.5826
10.8893
10.5559
10.6102
10.569
11.251
10.6361
10.5913
10.6779
10.5889
10.6581
11.1654
10.5882
10.5717
10.6711
10.5929
10.893
11.0797
10.2166
10.7021
10.9107
10.4587
10.6492
11.1665
10.5102
10.7152
10.8276
10.7631
10.6005
11.1193
10.5576
10.6039
11.235
10.5627
10.5932
10.5724
10.8265
10.5809
10.951
10.9172
10.5597
10.5753
10.6949
10.6113
10.9776
10.7269
10.5636
10.6516
10.7215
10.5764
11.2596
10.6694
10.4638
10.6846
10.714
10.4748
10.9036
10.5139
10.5589
10.7966
10.5324
10.5917
11.2366
10.5806
10.6119
10.7398
10.7013
10.6152
11.1188
10.5649
10.6039
12.1157
10.6003
11.0875
10.6015
11.0459
10.6917
10.7012
10.9884
11.226
10.6135
10.5959
10.7843
10.4889
10.7852
10.7171
10.4497
10.8883
10.6857
10.4578
11.132
10.7409
10.453
10.6635
10.812
10.5792
11.172
10.6792
10.6047
10.8893
10.549
10.5587
11.072
10.5837
10.5727
10.6835
10.6777
10.5482
11.037
10.9318
10.6745
10.443
13.0424
11.2243
10.6029
10.6638
10.7224
10.4929
10.784
11.1864
10.4619
10.6878
11.0252
10.4455
10.6446
11.2663
10.4479
10.6534
10.6615
10.4348
10.6503
11.1282
10.5682
10.7059
10.6235
10.5894
10.7259
10.9026
10.5657
10.6426
10.5671
10.5764
10.5369
11.0396
10.6439
10.5409
10.6594
10.5279
10.5924
11.0665
10.5344
10.6186
10.6588
10.6946
10.5329
11.0269
10.5718
10.5774
10.7115
10.5247
10.6174
11.1989
10.5377
10.6865
10.7099
10.6185
10.5518
11.181
11.1175
10.5572
10.514
10.6531
10.7
11.0301
10.7834
10.5855
10.571
10.707
10.6058
11.1582
10.7182
10.5895
10.6745
10.9767
10.4339
11.2243
10.6849
10.4767
10.7109
10.7631
10.4452
10.6464
10.7098
10.4496
11.1712
10.6975
10.4594
10.7056
10.5477
10.5821
11.132
10.6497
10.6085
11.064
10.5735
10.5796
11.1532
10.5545
10.6618
10.5479
10.5654
10.8231
10.894
10.691
10.9771
10.4502
10.7751
11.0753
10.4464
10.7293
10.7795
10.4468
10.792
11.0304
10.4605
10.5869
10.5922
10.6058
10.644
11.0397
10.6319
10.65
10.6776
10.5886
10.9841
11.0542
10.562
10.6429
10.5996
10.64
10.6256
11.0409
10.5604
10.5106
10.6263
10.5396
10.5456
11.1513
10.5371
10.7061
10.7541
10.571
10.6925
11.1178
10.4249
10.7182
10.64
10.4668
12.2969
11.0842
10.4275
11.2115
10.951
10.5075
10.545
11.0976
10.5137
10.5689
10.7793
10.5121
10.5558
10.904
10.668
10.559
10.6049
10.6578
10.5805
10.6312
10.643
10.5341
11.9262
11.1356
11.0753
11.1184
11.6675
13.3701
12.6592
12.6407
12.9399
12.9513
12.819
13.2099
12.7501
13.0279
14.4902
12.6793
11.9109
12.6668
12.8302
12.6114
12.8742
11.9289
12.5175
12.1934
12.1506
11.0596
10.8575
11.0689
10.7613
10.5296
10.6436
11.7818
10.6537
11.0138
10.6701
10.4219
10.6222
10.7128
10.4136
11.0531
10.6128
10.5107
10.6029
10.6612
10.4273
11.0789
10.6556
10.4028
10.5793
10.3276
10.5102
11.2402
10.4955
10.5499
10.581
10.4883
10.4866
11.1127
10.5561
10.4986
10.5972
10.6308
10.5366
11.0864
10.7003
10.5063
10.5348
10.5716
10.4814
10.959
11.2934
10.3957
10.6623
10.6782
10.3946
11.4667
10.8277
10.6446
10.5642
10.7947
10.9424
10.5643
10.6524
10.5734
10.5222
10.5532
11.1045
10.4833
10.5525
10.6989
10.5139
10.6153
10.9827
10.2778
10.493
10.7065
10.3863
10.6199
11.003
10.4844
10.6127
10.5789
10.3854
10.7087
11.1383
10.3854
10.6493
10.6258
10.473
10.6346
10.9687
10.5541
10.5907
10.4661
10.5289
10.5677
10.9778
10.4916
10.9141
10.5422
10.5283
10.4913
10.99
10.5177
10.4655
10.6693
10.5184
10.4735
11.3175
10.5394
10.6304
10.6628
10.3948
10.6935
11.1142
10.386
10.6051
10.7261
10.3882
10.6366
11.1015
10.4079
10.7634
10.6066
10.3883
10.6656
11.0263
10.5898
10.6214
10.3921
10.4554
10.69
10.9588
10.537
10.8304
10.4683
10.654
10.5091
11.0952
10.5172
10.7845
12.2219
10.9335
10.4034
11.0817
10.4872
10.514
10.662
10.5903
10.3851
11.1348
10.6239
10.3855
10.7305
10.4878
10.6159
11.1224
10.485
10.4932
10.5685
10.7039
10.5087
11.1658
10.4833
10.535
10.7053
10.6512
10.5039
10.9422
10.6476
10.5284
10.5886
10.604
10.3068
11.103
10.7272
10.4089
10.6157
11.0468
10.4042
11.1022
10.6379
10.4052
10.596
10.7932
10.4135
10.885
10.6624
10.4023
10.6232
10.484
10.5719
10.9298
10.5359
10.6266
10.627
11.0057
10.5241
10.6311
10.6644
10.5984
10.5085
11.1002
10.6701
10.5587
10.6211
10.5406
10.5651
11.2578
10.5538
10.5017
10.7719
10.5581
10.5121
10.9891
10.4118
10.6971
10.7053
10.412
10.5704
10.9759
10.407
10.714
10.7403
10.4099
10.5981
11.023
10.5563
10.6326
10.5278
10.5699
10.6666
11.0142
10.5063
10.7064
10.5062
10.595
10.605
11.3169
10.567
10.5665
10.6908
10.6352
10.5826
11.0804
10.54
10.5115
10.6185
10.5506
10.5272
11.0254
10.5236
10.5541
10.6395
10.4239
10.6314
11.2401
10.4264
10.7575
10.8903
10.4113
10.771
11.1501
10.627
10.7424
10.5309
10.6457
10.8955
11.0109
10.6358
10.5781
10.6302
10.6866
10.5828
10.975
10.602
10.5361
10.5511
10.6409
10.4293
11.2444
10.6723
10.4201
10.6661
10.9547
10.4183
11.1573
10.6155
10.4106
10.6504
10.6612
10.4587
11.1155
10.6032
10.5288
10.6182
10.6439
10.4909
11.1336
10.589
10.5332
10.6506
10.5068
10.5325
11.148
10.7706
10.555
10.5051
10.9323
10.6396
10.948
10.6563
10.5849
10.4861
10.7502
10.5193
10.9972
10.6704
10.4194
10.7713
10.6972
10.4203
11.0072
10.6519
10.4156
10.7225
10.6298
10.4235
11.189
11.8575
11.1005
11.0227
10.9413
10.633
10.8905
10.7187
10.7454
10.8171
10.5806
11.1023
10.5145
10.502
10.6249
10.5502
10.5245
10.6777
10.5465
10.5925
11.2845
10.4058
10.6353
10.7537
10.4012
10.6112
11.046
10.3966
10.6902
10.7157
10.3972
10.6519
11.0577
10.4963
10.6498
10.5078
10.5246
10.6856
10.8621
10.5328
10.5796
10.495
10.5177
10.6201
11.1707
10.5294
10.5876
10.7405
10.5912
10.4963
11.0924
10.5597
10.4798
10.6011
10.5178
10.4498
11.0211
10.3802
10.7493
10.6114
10.3829
10.6313
10.9694
10.4006
10.5946
10.6469
10.402
10.7533
10.9979
10.5266
10.651
10.7443
10.5323
10.6171
10.9836
10.4961
10.6767
10.6143
10.5225
10.5297
11.0667
10.5013
10.4781
10.6097
10.5401
10.6105
11.1806
10.4932
10.4986
10.7398
10.531
10.499
11.1242
10.3953
10.6426
10.5765
10.4864
10.871
11.0442
10.3982
10.6507
10.6818
10.3931
10.749
10.9945
10.5029
11.111
10.4863
10.5499
10.8201
11.0125
10.6151
10.5373
10.5078
10.608
10.66
10.4818
10.6237
10.9667
10.699
10.6521
10.3948
10.6378
10.6915
10.7869
10.6778
10.594
10.3938
10.5566
10.3982
10.9339
11.2247
10.5081
10.5781
10.6952
10.8086
10.7749
10.719
10.4984
10.5793
10.6506
11.0731
10.6464
10.5711
11.082
10.5464
10.5013
11.1291
10.5386
10.5983
10.7092
10.5415
10.5461
11.1078
10.6163
10.4971
10.6149
10.3962
10.6278
11.0991
10.3998
10.7318
10.6245
10.3436
10.6936
11.0913
10.4124
10.766
10.4933
10.5712
10.6337
11.0294
10.5104
10.7528
10.5613
10.5674
10.6674
10.9664
10.5121
10.5308
10.5814
10.5234
10.6997
11.124
10.5205
10.7045
10.6471
10.547
10.5187
12.0378
11.2689
10.875
10.7073
10.5463
10.535
10.5912
10.3892
11.1348
10.5755
10.389
10.6443
10.7709
10.4003
11.0907
10.6395
10.4022
10.6655
10.784
10.4131
11.1401
10.6603
10.6634
10.6726
10.6628
10.5227
11.1875
10.4943
10.553
10.6208
10.4927
10.5345
11.105
10.5524
10.5149
10.5145
11.0195
10.6059
10.8265
10.6748
10.6678
10.4922
10.6302
10.711
10.7788
10.7262
10.5333
10.5524
10.574
10.5129
10.9444
10.8997
10.5024
10.525
10.6798
10.7191
10.7525
10.5204
10.6227
10.4985
10.6078
10.9023
10.7567
10.4731
10.7975
10.5181
10.4731
10.918
10.6271
10.5515
10.6297
10.3927
10.6489
10.9769
10.6447
10.7291
10.6561
10.3933
10.6134
10.8681
10.6339
10.5676
10.4893
10.4755
10.7252
10.7815
10.5231
10.6402
10.4774
10.6114
10.677
10.8349
10.7629
10.4888
10.6556
10.7838
10.8382
11.0734
10.5268
10.6563
10.6095
10.5051
10.792
11.1222
10.5236
10.4771
10.8092
10.3881
10.7471
10.7121
10.4029
10.6293
10.6074
10.3967
11.0768
10.6158
10.4156
10.7981
10.568
10.5154
11.0888
10.5207
10.5007
10.6107
10.4931
10.4962
11.1157
10.5973
10.5984
10.6755
11.1355
10.4992
10.9386
10.6238
10.5149
10.4856
10.6787
10.6136
10.4857
11.1731
10.5809
10.5087
10.8793
10.3918
10.8486
11.0706
10.4061
10.8003
10.6361
10.3979
10.5865
10.9205
10.3958
10.6585
10.6747
10.3988
10.588
11.1141
10.5552
10.6047
10.5064
10.5423
10.5892
11.0319
10.5083
10.6286
10.5734
10.537
10.5477
11.1811
10.4931
10.3031
10.5454
10.3099
10.4944
11.0617
10.5869
10.4777
10.7666
10.3839
10.5598
11.0368
10.3901
10.7226
10.6573
10.4989
10.6301
11.1422
10.3851
12.2545
10.9671
10.3857
10.623
10.9215
10.3747
10.6802
10.4876
10.5216
10.6268
10.9247
10.4837
10.6438
10.5234
10.5152
10.4904
11.2709
10.5347
10.5366
10.6886
10.4656
10.5059
10.8368
10.5399
10.5479
10.7207
10.5149
11.1507
10.6776
10.3621
10.6879
10.5808
10.3731
10.894
10.9766
10.4813
10.5896
10.7104
10.3721
11.0484
10.5731
10.5106
10.5791
10.4657
10.6331
11.0919
10.4868
10.5433
10.9072
10.4869
10.5604
11.0033
10.4817
10.5081
10.5768
10.6768
10.4811
10.9266
10.5724
10.4934
10.618
10.7493
10.4968
10.9096
10.7573
10.3815
10.5814
10.619
10.4344
10.99
10.5714
10.3887
10.6871
10.8475
10.3979
11.04
10.662
10.5158
10.6216
10.505
10.5555
10.5919
10.5263
10.6285
10.6174
11.0275
10.5283
10.4903
10.6272
10.5569
10.489
10.9979
10.5274
10.6954
11.1452
10.4968
10.6214
11.0762
10.5093
10.5026
10.6042
10.3783
10.6841
10.9288
10.3868
10.6154
10.6255
10.3904
10.6284
11.11
10.391
10.6374
10.8145
10.5667
10.6308
11.0128
10.488
10.6449
10.4881
10.4964
10.6231
10.621
10.5033
11.0059
10.7639
10.4947
10.593
10.6185
10.528
10.5522
10.6322
10.6336
10.4877
10.6222
10.3904
11.0813
10.6106
10.3976
10.658
10.6058
10.3881
11.0799
10.9189
10.3865
10.7016
10.6092
10.4185
11.1335
10.4656
10.519
10.7023
10.4594
10.465
11.0487
10.5038
10.5466
10.566
10.4699
10.5206
11.0973
10.6985
10.5249
10.5379
10.9314
10.5069
11.0321
10.7074
10.5962
10.3705
10.7481
10.3937
10.9684
10.6271
10.3899
10.8004
10.6044
10.3835
11.1453
10.618
10.6032
10.5456
10.5947
10.4668
11.111
10.5763
10.7152
10.5449
10.4979
10.9874
12.8205
10.7111
10.8039
10.4969
10.536
11.1215
10.5706
10.7309
10.5818
10.6129
10.4846
11.1796
10.3772
10.5997
10.6114
10.3884
10.7461
10.6343
10.3859
10.9962
10.6448
10.1382
10.5469
10.605
10.5157
10.9784
10.5218
10.5052
10.7308
10.4771
10.4858
11.1716
10.4872
10.4854
10.8454
10.6962
10.5076
10.8668
10.7064
10.5352
10.4895
10.6436
10.5491
10.9917
10.6205
10.3937
10.894
10.5116
10.4677
10.963
10.6073
10.3855
10.5759
10.5943
10.3841
11.0108
10.6544
10.5034
10.5155
10.4924
10.5228
11.1387
10.6134
10.5256
10.6065
10.3988
10.4282
11.1664
10.8349
10.5211
10.5104
10.6206
10.5425
10.9257
10.6427
10.5521
10.5773
10.7789
10.4989
11.178
10.7056
10.3902
10.7447
10.6151
10.3905
10.9296
10.7214
10.3907
10.7173
10.5539
10.4306
11.0073
10.5825
10.5942
10.9039
10.6628
10.6486
11.0389
10.5778
10.547
10.5625
10.6251
10.521
11.1139
10.4901
10.5926
10.523
10.644
10.5511
11.0006
10.6413
10.5137
10.4788
10.6443
10.5891
11.0713
10.7247
10.5606
10.5725
10.6437
10.4037
10.9585
10.6777
10.3934
10.65
10.6863
10.3901
11.2397
11.2144
10.486
10.5015
10.5023
10.5809
11.0817
10.7399
10.6623
10.5303
10.5179
10.7449
10.876
10.852
10.6386
10.4957
10.5107
11.094
10.2041
10.6428
10.7069
10.4169
10.6674
10.9291
10.6018
10.6234
10.7318
10.3892
10.6289
10.724
10.7445
10.5987
10.6424
10.5786
10.6751
10.8414
10.7488
10.6338
10.4926
10.5459
10.6392
11.0477
10.5451
10.5354
10.6401
10.5628
10.6125
11.1372
10.5456
10.5091
10.5986
10.5141
10.6394
11.0966
10.4084
10.7196
10.6795
10.4743
10.6714
11.1439
10.4874
11.8338
10.784
10.3981
10.5862
11.2075
10.4014
10.62
10.5373
10.5151
10.6322
10.9551
10.5605
10.6865
10.6029
10.5998
10.6792
11.0067
10.5276
10.6404
10.5333
10.5355
10.497
11.0155
10.6197
10.5223
10.6506
10.5192
10.5016
11.0827
10.5246
10.6534
10.5976
10.5707
10.9652
11.2687
10.4288
10.6393
10.5535
10.1691
10.6441
10.6558
10.4062
10.7409
11.2654
10.4043
10.6703
10.8554
10.5369
10.7929
10.9167
10.5003
10.6364
10.5641
10.539
10.7888
10.9472
10.5347
10.3097
10.604
10.5176
10.5553
11.1271
10.5599
10.5162
10.707
10.5157
10.5323
11.0337
10.4686
10.6337
10.5951
10.4816
10.6002
10.969
10.3903
10.6761
10.5828
10.3816
10.7051
11.0909
10.4955
10.6392
10.5914
10.5219
10.7247
11.0054
10.5491
10.5753
10.5619
10.4991
10.8026
11.0394
10.7351
10.9231
10.5428
10.5463
10.5618
11.0962
10.5444
10.4933
10.8988
10.6253
10.5644
11.1122
10.5803
10.5247
10.6913
10.6603
10.5328
10.754
10.5595
10.5096
11.145
10.5055
10.4942
10.7817
10.4834
10.5528
11.1729
10.8363
10.4948
10.4929
10.6649
10.5337
10.993
10.6213
10.5512
10.8598
10.7098
10.5203
11.1462
10.6461
10.4403
10.6313
10.5389
10.4031
11.0797
10.6651
10.5079
10.9222
10.6395
10.3973
11.031
10.7173
10.3947
11.1288
10.61
10.5311
11.236
10.4845
10.5246
10.6345
10.4712
10.5261
11.1701
10.5926
10.4995
10.7222
10.4753
10.5168
11.104
10.6417
10.4925
10.4809
10.6284
10.5155
10.7948
10.7119
10.5439
10.505
10.637
10.3937
11.1849
10.5741
10.3871
10.521
10.7782
10.3879
11.0965
10.6189
10.3936
10.6281
10.4946
10.5616
11.0334
10.668
10.8258
11.0927
11.9143
11.3264
10.8576
10.5053
10.6401
10.4909
10.5364
10.8839
10.9053
10.5794
10.6464
10.4245
10.639
10.8853
10.6759
10.6706
10.8159
10.646
10.7181
11.2539
10.4341
10.7802
10.6445
10.4298
10.6482
10.8903
10.5174
10.7575
10.674
10.5619
10.659
11.0421
10.5371
10.7676
10.5285
10.4994
10.8893
11.0779
10.5646
10.5778
10.6795
10.5637
10.5553
11.1065
10.5369
10.8212
10.8017
10.5416
10.5385
11.1234
10.5341
10.5048
10.6315
10.3877
10.7727
11.1701
10.4347
10.5715
10.6163
10.4249
10.7702
11.1317
10.4327
10.6313
10.5177
10.6262
10.6683
11.0362
10.8762
10.9076
10.8251
10.92
10.9331
11.296
11.1783
10.9015
10.8803
10.9482
10.8983
11.2882
11.0808
10.8629
10.8431
10.9763
10.9183
11.3154
11.0554
10.8492
10.8268
10.993
11.4611
10.9417
11.0077
11.1252
10.7558
10.9911
11.3663
10.7376
10.9834
10.9686
10.7297
10.957
11.5813
10.8322
10.8837
10.8502
10.9772
10.8847
11.2813
10.995
10.8566
10.6911
10.828
10.5512
10.9893
10.6511
10.5878
10.5482
10.7132
10.5736
10.9838
10.7504
10.4479
10.6699
11.0248
10.4332
11.008
10.6408
10.4289
10.6075
10.8287
10.5372
11.2487
10.7311
10.436
10.7711
10.5253
10.585
11.2078
10.5501
10.6439
10.7526
10.5347
11.0446
10.5545
10.6135
10.6221
10.5953
10.5351
11.1366
10.5395
10.7018
10.6354
10.4254
10.6628
11.1362
10.4345
10.6841
10.6989
10.5447
10.6609
11.1155
10.4396
10.6792
10.5461
10.5929
10.6924
10.9723
10.5814
10.7641
10.6598
10.5818
10.6716
11.0012
10.5196
10.5403
10.6585
10.5705
10.5648
11.3957
10.5805
10.6161
10.7307
10.6818
10.9969
11.1077
10.5738
12.0949
11.4452
10.7716
10.4443
11.1626
10.7335
10.6039
10.6189
10.6356
10.4306
11.2712
10.6973
10.5635
10.6782
10.5255
10.4992
10.6502
11.0042
10.5276
10.6606
10.5967
10.5534
10.6683
11.0582
10.5402
10.5102
10.6218
10.5345
10.5088
11.3554
10.6375
11.0792
10.6094
10.5962
10.4066
10.9318
10.5444
10.5553
10.6157
10.5548
10.7243
11.1148
10.5144
10.5128
10.8973
10.5672
10.5557
11.1076
10.5124
10.6842
10.5243
10.67
10.5566
11.0607
10.6467
10.5583
10.6348
10.616
10.4408
11.0129
10.6696
10.4206
10.6734
10.6486
10.42
11.1884
10.698
10.4198
10.7309
10.6303
10.4153
10.978
10.6116
10.4148
10.6441
10.5349
10.5391
11.19
10.6618
10.5562
10.7809
10.488
10.5672
11.0129
11.5701
10.6093
10.663
10.7211
10.6006
11.0083
11.1455
10.562
10.5311
10.6621
10.5557
11.0206
10.6453
10.6695
10.6442
10.6394
10.5433
10.9319
10.6611
10.4067
10.5819
10.5576
10.4842
10.9911
10.6846
10.3922
10.6267
10.5949
10.3891
11.1421
10.4937
10.5319
10.743
10.5038
10.5698
10.9453
10.3056
10.5325
10.596
10.4861
10.5167
11.1094
10.6876
10.5394
10.6223
10.6941
10.5518
11.0029
10.6286
10.531
10.4898
10.9124
10.4736
11.0847
10.9949
10.6745
10.5167
10.7975
10.4194
11.0569
10.6447
10.5595
10.5712
10.6115
10.4932
10.904
10.3815
10.5526
10.5588
10.5054
10.6448
11.0453
10.54
10.5918
10.7033
10.6005
10.6057
11.1083
10.5079
10.7093
10.4878
10.6505
10.8769
10.6751
10.6482
10.6695
10.4254
10.64
10.9635
10.604
10.742
10.5134
10.5226
10.7752
10.9361
10.5423
10.7375
10.5192
10.5648
10.8559
11.3758
10.5575
10.667
11.5687
11.0966
10.6504
10.9843
10.5116
10.5178
10.7913
10.596
10.4951
11.127
10.5349
10.4774
10.6506
10.5574
10.6008
10.74
10.5167
11.1187
10.6522
10.4241
10.6608
10.7585
10.4283
10.9875
10.7751
10.5073
10.8634
10.621
10.4186
11.0582
10.5441
10.4767
10.7631
10.5064
10.6724
11.0788
10.5265
10.5298
10.6213
10.6335
10.5509
11.0939
10.5465
10.5103
10.9131
10.7365
10.5549
10.9465
10.7338
10.5406
10.4921
10.6544
10.5321
11.0808
10.6088
10.6796
10.4131
10.6085
10.8754
10.6598
10.6794
10.6571
10.552
10.7601
10.9774
10.6556
10.7861
10.6717
10.6467
10.5884
11.1272
10.513
10.5827
10.6182
10.5514
10.4717
11.1402
10.5464
10.4865
10.7869
10.5574
10.599
11.2851
10.4042
10.682
10.645
10.3943
10.8018
11.2238
10.3977
10.8405
11.1177
10.5155
10.6443
11.2135
10.3975
10.7044
10.5438
10.56
10.622
11.0125
10.8456
10.6859
10.494
10.5233
10.6544
10.9567
10.4976
10.6021
10.7363
10.4924
10.6339
11.082
10.5056
10.4676
10.6244
10.4875
10.6099
10.5846
10.5216
10.5113
10.7244
10.4605
11.0336
10.5853
10.7481
10.8562
10.6577
10.9821
10.5935
10.7518
10.4986
10.5112
10.521
11.1468
10.5964
10.5177
10.9333
10.5511
10.5842
11.1498
10.5251
10.5245
10.6457
10.5105
10.5525
11.1154
10.4148
10.662
10.6806
10.4244
10.5965
11.0321
10.4206
10.6636
10.5468
10.4146
10.6355
11.1125
10.5507
10.6439
10.7008
10.5268
10.7331
10.9903
10.5363
10.6424
10.5168
10.513
10.7924
11.0855
10.4971
10.4803
10.5739
10.5107
10.5865
11.0861
10.5365
10.6581
10.6161
10.4813
10.5118
11.1193
10.3783
10.899
11.0026
10.3853
10.6934
12.1925
10.9736
10.5921
10.596
10.3851
10.6338
11.09
10.3896
10.4888
10.5585
10.3975
10.7197
10.9537
10.5248
10.6084
10.6694
10.5304
10.7378
10.5315
10.4361
10.6319
11.0272
10.5276
10.5451
10.7486
10.5272
10.5108
11.0727
10.6649
10.4861
11.1275
10.491
10.6212
11.1096
10.4938
10.6185
10.6172
10.4834
10.6117
11.0475
10.4866
10.559
10.6008
10.5451
10.7352
11.0711
10.5341
10.5307
10.6567
10.6116
10.4866
10.9212
10.6966
10.5109
10.5892
10.6469
10.5311
11.0947
10.6363
10.5496
10.5208
10.6071
10.4
11.0709
10.6262
10.4377
10.6037
10.6997
10.1411
10.9419
10.5218
10.3816
10.6699
10.6107
10.2717
10.9852
10.4942
10.6254
10.6363
10.513
10.4973
11.25
10.6203
10.5631
10.461
10.5961
10.6125
10.9554
10.6521
10.5028
11.0309
10.6384
10.4518
10.916
10.6955
10.3755
10.7452
10.6124
10.3747
11.1513
10.6238
10.3808
10.6139
10.6378
10.3683
11.0454
10.5796
10.4123
10.5638
10.4632
10.5243
11.1544
10.6253
10.5016
10.7258
10.5702
10.5232
10.9324
10.4582
10.4988
10.5519
10.6592
10.5352
10.9425
10.9166
10.5765
10.4687
10.6025
10.5008
10.9074
10.5619
10.3672
10.6601
10.5434
10.459
11.1267
10.8789
10.3697
10.5742
10.5735
10.3651
11.0244
10.554
10.4785
10.8237
10.4744
10.2921
11.2206
10.4847
10.5108
10.5824
10.6075
10.525
10.8896
10.7902
10.4921
10.4744
10.6139
10.5185
11.0051
10.6555
10.4814
10.4876
10.6646
10.3579
11.0054
10.597
10.3607
10.5855
10.5524
10.3649
10.9752
10.6731
10.456
10.5258
10.5551
10.5225
11.0876
10.4578
10.4921
10.7835
10.4795
10.549
11.1631
10.9339
10.4824
10.6798
10.4495
10.4904
12.8362
10.8107
10.4861
10.5838
10.6024
10.5122
11.0683
10.7399
10.5133
10.6095
10.6887
10.5129
10.9147
10.5884
10.4293
10.5747
10.5962
10.42
11.0148
10.6268
10.3655
10.7405
10.6709
10.3708
11.1846
10.6568
10.3724
10.6749
10.4691
10.5017
11.1309
10.4871
10.6278
10.6579
10.4604
10.5287
11.1377
10.5607
10.5557
10.4594
10.7111
10.6285
10.806
11.0594
10.5096
10.479
10.6033
10.5007
10.6656
11.2206
10.5199
10.5771
10.616
10.387
10.6208
10.9197
10.393
10.7093
10.7104
10.3899
10.7526
11.2341
10.3847
10.6033
10.5336
10.4785
10.5992
10.8834
10.522
10.6443
10.5746
10.4841
10.6213
11.0077
10.485
10.4735
10.6898
10.4836
10.4814
11.053
10.5871
10.4861
10.5945
10.4822
10.4668
11.1046
10.3724
10.6554
11.0929
10.3763
10.8241
10.9098
10.3702
10.5855
10.5605
10.3697
10.704
11.2014
10.3897
10.8748
10.4964
10.4986
10.6266
10.9335
10.4759
10.6078
10.48
10.4706
10.5217
11.0815
10.5127
10.4874
10.6017
10.5173
10.4678
11.0332
10.5061
10.4564
10.8072
10.4804
11.038
11.1018
10.3786
10.9651
10.5829
10.3772
10.5112
10.946
10.4693
10.6089
10.7112
10.3798
10.5762
11.036
10.4716
10.6035
10.7207
10.5348
10.7854
10.9089
10.485
10.7266
10.4718
10.5049
10.5052
11.0213
10.5479
10.5436
10.6073
10.496
10.4654
11.0797
10.5115
10.4678
10.5698
10.4446
10.5292
11.2254
10.4122
10.5891
10.609
10.3584
10.6094
11.0212
10.3578
10.5807
10.6307
10.4498
10.5852
10.9381
10.4809
10.6007
10.5431
10.4556
10.5704
10.9813
10.6042
10.6602
10.4655
10.453
10.4532
11.122
10.6695
10.7911
10.9146
10.4976
10.6033
10.9951
10.488
12.0976
10.6555
10.5269
10.4489
11.1448
10.4145
10.6148
10.5345
10.3693
10.5863
11.0644
10.3706
10.5594
10.796
10.369
10.6521
11.2628
10.364
10.5835
10.4634
10.4967
10.6019
10.9496
10.507
10.5729
10.6322
10.5933
10.6532
10.5596
10.4776
10.4676
10.5777
10.519
10.5083
11.0475
10.5988
10.5337
10.596
10.3882
10.6229
11.1336
10.3664
10.5705
10.5961
10.3453
10.7821
11.0614
10.3695
10.5719
10.5836
10.3848
10.5449
11.1954
10.7361
10.9019
10.8184
10.7932
10.8138
11.225
10.8128
10.8274
10.7316
10.8685
10.8781
11.3772
11.3958
10.7798
10.7832
10.889
10.825
11.2752
10.9456
10.8409
10.8595
10.8606
10.7716
11.2947
10.8083
10.7739
10.7898
10.8946
11.2835
10.7928
10.8876
10.818
10.8039
11.2686
11.1366
10.8318
10.9228
10.7785
10.7489
11.009
11.2003
11.0321
10.7367
10.8594
10.9452
10.7654
11.3709
10.8233
10.935
10.7712
11.1079
10.7955
11.2546
10.9477
10.9251
10.7321
10.8638
11.2491
10.8721
10.9001
10.7647
10.7769
10.9155
11.1726
10.781
10.9388
10.7541
10.8656
11.4176
11.2249
10.8098
10.7494
10.8384
10.776
10.8391
11.0892
11.1102
10.751
10.7582
11.0931
10.7756
11.2546
10.9877
10.797
10.714
10.9923
10.7347
11.3076
10.842
10.6574
10.8745
10.9279
11.0524
10.7591
10.5922
10.5581
10.4838
10.5901
10.6425
10.8265
10.6425
10.4744
10.5424
10.5197
10.7638
10.9469
10.4959
10.7166
10.4681
10.5415
10.9247
10.6858
10.4861
10.6293
10.3828
10.6675
10.7799
10.6464
10.5918
10.6056
10.3491
10.551
10.4738
10.9852
10.8058
10.5032
10.7043
10.9264
10.7819
10.6255
10.616
10.4048
10.5188
11.9434
11.0647
10.4849
10.6129
10.4883
10.5036
10.4662
11.2452
10.4744
10.5884
10.6838
10.5078
10.4334
11.0275
10.5048
10.4841
10.5682
10.3677
10.559
10.9908
10.4636
10.6801
10.7844
10.3543
10.5772
10.9158
10.3608
10.5588
10.869
10.3695
10.6753
10.9008
10.4905
10.7386
10.4398
10.5213
10.5643
10.9638
10.4598
10.6816
10.7143
10.3629
10.5726
10.9807
10.4783
10.4528
10.5772
10.4922
10.5217
11.1124
10.4469
10.4717
10.7033
10.3581
10.5748
11.2098
10.3719
10.6271
10.6323
10.3713
10.5952
11.076
10.3709
10.6978
10.4531
10.5142
10.6169
10.8812
10.6181
10.6451
10.2854
10.5178
10.7276
11.0011
10.5002
10.5569
10.6264
10.5195
10.5423
11.0729
10.5051
10.4504
10.6813
10.4987
10.6471
11.0794
10.417
11.0395
10.5878
10.3713
10.5577
11.0915
10.3817
10.7348
10.599
10.3711
10.6623
11.1092
10.3765
10.6278
10.4645
10.5218
10.6298
10.9826
10.4867
10.5882
10.4594
10.5701
10.5722
11.0634
10.55
10.5761
10.6225
10.5364
10.6618
11.0957
10.5824
10.5607
10.6245
10.498
10.455
10.6271
10.3538
10.6252
10.6359
10.3649
10.7535
11.1467
10.3869
10.4918
10.7615
10.3754
10.5753
10.4942
10.5303
10.8959
10.5621
10.4919
11.0922
10.4741
10.5502
10.7879
10.4753
10.5248
10.9408
10.8968
10.5207
10.4674
10.5637
10.4742
10.9879
10.7567
10.5386
10.4728
10.7701
10.4815
11.0461
10.58
10.3824
10.4612
10.3849
10.3795
11.0248
10.675
10.4819
10.6623
10.4729
10.4572
11.0715
10.5511
10.5178
10.6015
10.4539
10.4996
11.3282
10.526
10.4799
10.4652
10.5779
10.4956
11.0002
11.1357
10.539
10.4781
10.6875
10.482
11.0278
10.5942
10.5211
12.0031
10.7804
10.4655
10.922
10.705
10.3557
10.6632
10.9778
10.7
11.062
10.517
10.3608
10.6665
10.6486
10.4585
10.593
10.4595
10.5209
11.019
10.6001
10.4969
10.54
10.4661
10.5706
11.0462
10.4931
10.5004
11.1163
10.5623
10.4779
10.9337
10.567
10.4617
10.5262
10.5509
10.4844
10.965
10.6951
10.5235
10.783
10.6014
10.3477
10.9616
10.6748
10.3438
10.5704
10.572
10.3423
10.9263
10.5926
10.3368
10.6716
10.5346
10.4785
11.0867
10.4634
10.4401
10.5324
10.5635
10.4596
11.0879
10.4378
10.588
10.4723
10.5491
10.458
10.8297
10.55
10.444
10.5288
10.6292
10.3533
11.0843
10.5665
10.3425
10.6006
10.5882
10.3465
10.936
10.6774
10.3545
10.5713
10.3469
10.5358
11.2011
10.4303
10.7191
10.8299
10.5905
10.5625
11.0284
10.5518
10.5115
10.5444
10.4586
10.4863
10.9636
10.7232
10.5002
10.4355
10.6028
10.742
10.9308
10.5969
10.2471
10.4592
10.4577
10.8849
10.5378
10.5206
10.5963
10.5435
10.4769
10.9194
10.6073
10.3569
10.5554
10.6049
10.3434
10.8834
10.6798
10.3462
11.1581
10.5575
10.3509
11.0848
10.6015
10.3516
10.5744
10.4364
10.5669
11.1019
10.4398
10.4838
10.8981
10.4326
10.4485
10.9394
10.4443
10.5738
10.4317
10.7796
10.5028
10.9327
10.5788
10.4675
10.4607
10.5146
10.3563
11.1117
10.692
10.3502
10.4927
10.5329
10.346
11.114
10.7242
10.344
10.578
10.8604
10.3426
11.0361
10.45
10.4747
10.589
10.4528
10.4877
11.1062
10.5333
10.4341
10.5274
10.5076
10.4525
10.9074
10.5728
10.4573
10.4619
10.6055
10.5446
10.9609
10.9545
10.4491
10.6553
10.7708
10.3617
10.9622
10.6127
10.3509
10.6772
12.1765
10.9559
10.8407
10.687
10.4484
10.4745
10.7365
10.4789
10.5374
10.4244
11.0797
10.4812
10.5021
10.6566
10.5254
10.4206
11.0714
10.541
10.5733
10.5478
10.3593
10.5741
11.0286
10.4268
10.6249
10.6356
10.3907
10.81
11.0133
10.3467
10.5759
10.4553
10.4922
10.589
10.5202
11.2394
10.5719
10.5494
10.4815
10.8589
10.8368
10.5179
10.4667
10.5353
10.4902
10.6011
10.7954
10.721
10.4395
10.5527
10.5013
10.4423
10.4528
10.9925
10.5957
10.5273
10.5579
10.5716
10.4361
10.9181
10.6702
10.437
10.5561
10.5693
10.3455
10.8143
10.6339
10.3426
10.5852
10.5494
10.3375
10.9448
10.5668
10.3355
10.549
10.5105
10.4494
11.0037
10.4328
10.4374
10.534
10.462
10.4937
11.1091
10.5547
10.8477
10.7855
10.5995
10.4744
10.8248
10.5794
10.4355
10.456
10.6669
10.486
11.036
10.64
10.3362
10.5687
10.508
10.3361
10.9518
10.5908
10.3459
10.5996
10.7244
10.3446
10.9871
10.4343
10.5036
10.6353
10.4377
10.4811
11.0438
10.6825
10.483
10.5754
10.5315
10.3293
10.9534
10.9374
10.4901
10.441
10.5872
10.5631
10.9176
10.6316
10.4741
10.5443
10.5913
10.3404
10.9792
10.8927
10.3379
10.6995
10.5412
10.3305
10.9238
10.5635
10.3301
10.5838
10.4252
10.4547
11.1412
10.4148
10.436
10.4993
10.4496
10.4367
10.9413
10.5182
10.4274
10.4311
10.6428
10.4921
10.9671
10.6448
10.4755
10.5333
10.6618
10.3465
11.0439
10.6087
10.4349
10.5911
10.5658
10.3368
11.1054
10.6842
10.3321
10.5313
10.336
10.632
10.9823
10.3403
10.5219
10.5269
10.3309
10.7876
10.8875
10.5875
10.8718
10.6569
10.4466
10.5926
10.8981
10.4394
10.5373
10.4631
10.458
12.0428
10.9973
10.699
10.4556
10.4529
10.5342
10.3342
11.0905
10.5107
10.3422
10.6198
10.7124
10.3433
11.0549
10.5534
10.3436
10.6301
10.3435
10.5463
11.1886
10.4068
10.6063
10.58
10.3336
10.5306
11.0829
10.343
10.5625
10.4605
10.4817
10.7971
10.9552
10.4693
10.5494
10.4546
10.4614
10.6212
10.7826
10.4678
10.4617
10.7729
10.4468
11.0091
10.5895
10.4496
10.6415
10.6029
10.5048
10.9653
10.5899
10.4558
10.6532
10.613
10.3488
11.0015
10.563
10.3487
10.5567
10.5788
10.4577
11.0814
10.522
10.4516
10.6071
10.5384
10.4786
11.0925
10.4747
10.4677
10.8537
10.4882
10.5259
10.9348
10.601
10.4562
10.479
10.5761
10.4905
10.9041
10.6773
10.4641
10.4272
10.7533
10.3596
11.2094
10.578
10.3574
10.5529
10.7107
10.3537
11.0225
10.6797
10.3532
10.5461
10.4506
10.4879
11.1872
10.449
10.5759
10.5813
10.4842
10.4505
11.129
10.4414
10.4311
10.54
10.3837
10.5031
11.0873
10.6582
10.4583
10.4519
11.3655
10.4312
10.4341
10.5341
10.3434
10.8644
10.6318
10.3377
10.6263
10.5477
10.3432
10.617
11.0123
10.3391
10.605
10.515
10.469
10.6726
10.9067
10.5081
10.9066
10.5006
10.4859
10.657
10.9109
10.5676
10.4453
10.6588
10.4786
10.4226
11.042
10.4788
10.5884
10.5562
10.5835
10.4367
11.0682
10.3514
10.5133
10.5936
10.3516
10.5978
11.1134
10.3754
11.0124
10.5821
10.35
10.5781
11.1034
10.4377
10.6013
10.5081
10.4546
10.5628
10.9469
10.4529
10.6035
10.4311
10.4588
10.4618
10.8044
10.7099
10.4724
10.6771
10.2877
10.4332
10.885
10.8838
10.4423
10.6531
10.5252
10.5652
10.4814
11.5076
10.9089
10.9105
10.676
12.3397
11.2179
10.668
10.8098
10.9686
10.8665
10.9408
11.3034
10.7263
10.7156
11.1619
10.7792
10.8008
10.8027
10.7355
10.843
11.2884
10.7859
10.7542
10.9479
10.6946
10.7849
11.1457
11.1734
10.9145
10.6435
10.8759
11.2596
10.6448
10.8232
10.8497
10.6357
10.824
11.1183
10.6299
10.8468
11.2246
10.6183
10.8525
11.1695
10.6639
10.8828
10.8231
10.7724
10.8801
11.4067
10.674
10.778
10.7278
10.9581
10.7441
11.1312
10.9881
10.7757
10.64
11.0268
10.7668
11.2129
10.8951
10.7953
10.7353
11.133
10.817
11.1239
10.8319
10.9461
10.7007
10.8045
11.1292
10.6408
10.8354
10.841
10.7802
10.8422
11.1763
10.7899
10.9116
10.7107
10.7646
10.9213
11.2435
11.0142
11.1563
10.7735
10.8071
11.0039
11.145
10.811
10.7616
10.7862
11.2058
10.8925
11.2152
11.129
10.8378
10.8888
10.9784
10.7766
10.7064
10.938
10.6362
11.3302
10.8781
10.6266
10.8878
10.834
10.9502
11.0238
10.9938
10.7385
10.7896
10.8722
11.2033
10.8278
10.8507
11.2978
10.7753
10.8832
11.1779
10.7294
10.8496
10.6794
10.7698
10.7723
11.2031
10.9231
10.6588
11.2122
10.8765
10.687
11.2869
10.9018
10.6468
10.9172
10.8562
10.6567
11.2745
11.0216
10.6721
10.9007
10.9126
10.7112
11.265
10.9122
10.7291
10.7626
11.0819
11.2272
10.8257
10.7709
10.8506
10.755
11.0579
11.1173
10.793
10.8252
10.8732
10.7796
10.72
11.0141
10.7147
10.7407
10.8006
10.8121
11.1452
10.9702
10.8566
10.6525
10.8585
11.3297
10.645
10.8267
10.9359
10.9155
11.1685
11.423
10.6241
10.8937
10.8492
10.7084
10.888
11.084
10.7515
10.8427
12.1808
10.9431
10.7848
11.1216
10.9681
10.7751
10.705
10.8531
10.7626
11.3222
10.815
10.8064
10.842
10.8431
10.7342
11.2031
10.876
10.8677
10.8249
10.8567
11.3966
10.7254
11.1284
10.9817
10.6372
10.8403
11.1369
10.6536
10.981
10.7453
10.7708
10.8319
11.2484
10.8314
10.7609
11.1488
10.7604
11.0054
11.1528
10.8622
10.734
10.7004
10.9605
10.8244
11.1557
10.8481
10.8947
10.7292
10.8412
10.786
11.2611
10.8036
10.8093
10.8302
10.8954
10.6587
11.2314
10.8629
10.76
10.7516
10.8772
11.3055
10.7263
10.8963
10.7507
10.916
10.8595
11.155
10.7081
10.9386
10.746
10.7644
11.0153
11.086
10.7828
11.0299
10.7323
10.8588
10.6883
11.2081
11.3241
10.729
10.9386
10.8857
10.7935
11.4728
10.8181
10.6972
10.8478
10.9042
10.645
11.3203
10.995
10.908
10.842
10.7793
11.1953
11.0218
10.835
10.9118
10.7861
10.9258
11.1909
11.0882
10.7255
10.8284
10.925
10.8112
11.2149
10.8402
10.6441
10.8264
10.9922
10.6085
10.9165
10.9908
10.6954
11.0141
10.9575
10.6783
10.8913
10.9145
10.7141
11.0192
11.3193
10.7779
10.7462
11.2499
10.7099
10.8273
11.2536
10.8346
10.8892
10.9572
10.7946
10.815
11.378
10.7706
10.8324
10.7895
10.9541
10.9914
10.9818
11.0518
10.892
10.6701
10.9242
11.2699
10.6773
10.9818
10.9777
10.6473
10.8245
11.3296
10.6903
11.0204
11.0043
10.7051
10.8841
11.4049
10.7647
10.8404
10.9559
10.7665
10.7948
11.2945
10.7476
10.7685
10.8131
10.9954
10.7794
11.1832
11.3079
10.8035
10.7839
10.9658
10.842
10.7703
11.0098
11.1169
10.8505
10.94
10.8444
10.6958
12.3213
11.2203
10.7173
11.0162
10.8685
10.7715
10.8145
11.2769
10.7377
10.7345
10.8868
10.8024
10.814
10.9553
11.1013
10.8145
10.7566
11.0332
10.8137
10.7221
11.3007
10.7887
11.4413
10.9293
10.9203
10.669
11.2653
10.918
10.7192
11.0417
10.7999
10.778
11.2058
10.797
10.7232
11.2136
10.8328
10.656
11.297
10.9253
10.8486
10.8542
10.8282
11.0872
10.7918
10.7221
10.8289
10.7847
10.7515
11.1899
10.9473
10.7404
10.8393
10.7839
10.7038
11.2948
10.8011
10.7497
10.8671
10.9067
10.8302
11.5434
10.9031
10.6881
10.9098
10.9595
10.7198
11.2649
10.8647
10.7901
10.9094
11.0373
10.7428
11.2548
10.7788
10.8741
10.8542
10.7276
11.4208
11.0662
11.1068
10.933
10.7725
10.9958
11.297
10.807
10.8023
10.9819
10.774
10.7566
11.4794
10.8801
10.6985
11.0029
10.8017
10.707
11.2459
10.994
10.7141
10.8218
11.1056
10.6705
11.3296
10.9532
10.7243
10.8917
10.9043
10.8428
11.3023
10.7795
10.9044
10.7788
10.9715
10.9064
10.8364
10.769
11.0071
10.7776
10.8484
11.3867
10.7504
10.7425
10.8683
10.8438
10.7382
11.4695
10.8787
10.7448
10.829
10.7688
10.7931
11.1185
10.7414
10.7631
10.8605
10.6983
10.8231
11.1807
10.7556
10.8065
10.9975
10.7529
10.7538
11.2944
10.8478
10.7903
10.8329
10.7137
10.7792
11.3587
10.8089
10.7642
10.8173
11.0538
11.0938
10.9206
10.7563
10.862
10.6791
10.8129
11.2569
10.6493
10.9948
11.045
10.6604
10.9563
11.1808
10.6761
10.8263
10.8153
10.6302
11.0448
11.1807
11.0691
10.6847
11.0189
10.7036
10.7448
10.8218
11.0694
10.7638
10.8172
10.8826
10.7648
12.3415
11.1041
10.9009
10.6277
11.1004
11.0309
10.6256
11
11.3874
10.3556
10.6465
10.6452
10.353
10.7268
10.8353
10.3468
10.8855
10.6089
10.3804
10.5992
10.4302
10.4999
11.1624
10.4464
10.488
10.6011
10.7143
10.4877
11.2342
10.399
10.4766
10.4478
10.5975
10.4601
10.87
10.7565
10.5889
10.5167
10.6298
10.3923
10.9668
10.6502
10.3336
10.5528
10.556
10.4413
11.0335
10.6157
10.3403
10.5494
10.4401
10.4747
10.5522
10.3382
10.5712
10.5864
10.335
11.0522
10.7111
10.3374
10.6026
10.4485
10.456
11.073
10.456
10.5663
10.5812
10.4917
10.4537
11.1123
10.3109
10.4767
10.5045
10.5496
10.6558
10.975
10.6857
10.4899
10.4375
10.6292
10.4828
10.7724
10.649
10.3362
10.7049
11.0435
10.334
10.582
10.6161
10.3458
10.6378
11.0299
10.3484
10.5988
10.6243
10.4978
10.6657
10.9201
10.4677
10.5737
10.5536
10.5141
10.6195
10.9397
10.4618
10.5724
10.5714
10.4405
10.4486
11.0324
10.4753
10.4914
10.7991
10.6023
10.5575
11.2256
10.3475
10.5902
10.5537
10.3439
10.5963
11.0518
10.3445
10.6213
10.6731
10.345
10.583
10.958
10.4582
10.9619
10.4393
10.4316
10.8618
10.9153
10.4645
10.5963
10.4775
10.4447
10.5556
11.0393
10.4905
10.447
10.6976
10.4745
10.435
11.0947
10.4285
10.437
10.5933
10.3333
10.5631
10.9186
10.4211
10.6401
10.564
10.3265
10.5575
11.0672
10.3261
10.5436
10.4315
10.5475
10.6142
10.9291
10.4839
10.5455
10.4311
10.4792
10.5481
10.9451
10.4724
10.6976
10.7488
10.4958
10.4323
11.1279
10.4877
10.2892
10.526
10.4931
10.4194
10.6675
10.3267
11.0874
10.5586
10.3253
10.5342
10.5653
10.3336
12.4325
10.9032
10.3341
10.6688
10.6866
10.3343
11.0491
10.4395
10.4266
10.5593
10.4126
10.5628
11.0256
10.4328
10.4646
10.5162
10.5898
10.4368
10.9455
10.5147
10.5441
10.7665
10.7506
10.4286
10.8817
10.6168
10.3943
10.5226
10.5003
10.3321
10.6105
11.1553
10.3325
10.5637
10.8862
10.3337
10.609
10.9783
10.3542
10.5263
10.7865
11.1806
10.9598
10.895
10.4708
10.7119
10.4341
10.4946
10.6359
10.9835
10.4678
10.4334
10.5553
10.5088
10.4449
11.0018
10.4557
10.427
10.5827
10.5711
10.4399
10.9611
10.3244
10.6066
10.5877
10.3249
10.6706
10.9741
10.3256
10.6904
10.5486
10.332
10.5756
10.9313
10.4809
10.5287
10.512
10.5093
10.5566
11.0086
10.6567
10.9124
10.4381
10.4416
10.441
11.0663
10.4649
10.5317
10.6413
10.4326
10.4696
11.1169
10.4345
10.4527
10.5655
10.3315
10.6383
10.9454
10.5634
10.7262
10.731
10.3356
10.5918
10.9562
10.3317
10.6895
10.4239
10.5834
10.667
10.3878
10.4648
10.9113
10.6241
10.3701
10.698
11.0119
10.4316
11.034
10.5705
10.4965
10.5127
10.5744
10.4683
10.8781
10.5703
10.4947
10.4153
11.0321
10.3328
11.1242
10.583
10.3341
10.7231
10.525
10.3305
10.8395
10.6548
10.3261
10.6155
10.565
10.44
10.9802
10.4526
10.4705
10.5657
10.4241
10.489
11.1354
10.492
10.4832
10.4111
10.543
10.4594
10.8849
10.569
10.4465
10.5265
10.5337
10.3358
10.9589
10.553
10.3252
10.5571
10.4831
10.4572
11.1356
10.4686
10.4145
10.5664
10.3303
10.5102
10.976
10.3336
10.5338
10.5734
10.5901
10.8999
10.9915
10.3256
10.8237
10.4995
10.4918
10.5293
10.8799
10.4617
10.6099
10.4391
10.4253
10.5443
12.0679
11.3427
10.5954
10.4256
10.5445
10.4359
11.0444
10.5384
10.5334
10.8528
10.6144
10.3325
10.8917
10.3388
10.3373
10.6679
10.3252
10.6105
10.9254
10.3248
10.5658
10.9153
10.3315
10.6058
11.2804
10.3308
10.554
10.4341
10.6805
10.4433
10.9145
10.5796
10.4275
10.6923
10.7819
10.4572
10.9227
10.8035
10.6585
10.4237
10.5481
10.3345
11.0049
10.6417
10.4165
10.546
10.5505
10.326
11.0593
10.4165
10.4743
10.5904
10.3313
10.6823
10.9853
10.3317
10.5447
10.6138
10.3648
10.531
10.9455
10.4949
10.5471
10.73
10.4623
10.6372
10.8573
10.6868
10.4444
10.4083
10.4697
10.4113
11.0987
10.6827
10.3261
10.6205
10.4856
10.4225
11.0152
10.4517
10.9747
10.5644
10.4205
10.5411
10.9555
10.3336
10.7404
10.7137
10.0827
10.519
11.2393
10.3263
10.7848
10.4262
10.4592
10.6706
11.0793
10.4966
10.5503
10.407
10.4959
10.546
10.5602
10.47
10.8496
10.7065
10.4958
10.5566
10.5254
10.4388
11.0186
10.7187
10.4225
10.4251
10.8702
10.0813
10.9938
10.4695
10.3266
10.5625
10.6247
10.4225
11.1179
10.7182
10.334
10.4418
10.532
10.4238
11.1416
10.4708
10.4724
10.6664
10.4344
10.4269
11.0202
10.4721
10.4749
10.4903
10.5356
10.4806
11.0965
10.4445
10.4506
10.4369
10.5363
10.3318
12.4076
11.1222
10.6277
10.4212
10.8375
10.3331
10.9415
10.7263
10.3597
10.5415
10.5834
11.751
10.4861
10.6819
10.4358
11.6969
10.6358
10.4294
10.4996
10.9457
10.647
10.4344
10.5109
11.2815
10.4421
11.3205
10.9441
10.9868
11.1488
10.815
11.2436
10.5785
10.9637
11.1545
10.3658
10.5605
10.5601
10.4449
11.425
10.9605
10.4589
10.6248
11.489
12.4992
10.8165
10.7145
10.9104
10.8904
10.7767
11.3021
10.7508
10.9166
10.8441
10.7705
10.7428
11.3399
10.7194
10.8026
10.7872
11.0053
10.8107
11.2866
10.8162
10.6616
10.8159
10.7917
10.6845
11.1689
10.7616
10.7479
10.9733
10.8616
10.7228
11.1852
10.9048
10.7569
10.8953
10.7423
10.7263
11.2853
10.7558
10.9087
10.7826
10.6998
11.2074
10.7256
10.7668
10.8133
10.7148
10.8416
11.1655
10.672
10.8442
10.819
10.664
10.8486
11.2022
10.6586
10.9653
10.854
10.6217
10.9255
11.2393
10.6414
10.8702
10.7784
10.8269
10.8681
11.3549
10.7826
10.7722
10.8971
10.7356
10.7982
11.1682
10.7968
10.7468
10.8085
10.8227
11.0806
11.2091
11.0402
10.7846
10.7451
10.7932
10.7818
11.3083
10.8891
10.8112
10.6582
10.8752
11.1853
10.6728
11.0055
10.78
10.6285
11.1799
11.2506
10.6517
10.9205
10.709
10.835
10.7223
10.9697
10.5115
10.612
10.4377
10.4491
10.5165
10.8753
10.4679
10.4138
10.689
10.4696
11.0064
11.385
10.5475
11.2994
11.0124
11.2958
10.3542
11.2037
11.0386
10.6042
10.9894
10.727
10.3426
11.4935
10.7774
10.6823
11.2846
10.9133
10.6649
10.9391
10.9573
10.6209
11.3252
10.7318
11.0719
10.7098
10.7374
11.2405
10.7893
10.8324
10.8351
10.7435
10.6863
11.2519
10.6935
11.4583
11.1768
10.7934
11.0306
11.2496
11.1873
10.6192
10.8549
10.8667
10.6902
10.7475
10.8156
10.6753
10.9658
11.409
10.6769
10.8678
10.7287
10.7472
10.8506
11.3143
10.7631
11.0239
11.0164
10.9164
10.7515
11.2014
10.8444
10.773
10.6917
10.9432
10.7929
11.3171
10.8809
10.7982
10.7634
10.8259
10.7266
16.2188
11.5335
13.1968
12.9493
12.4002
12.6296
12.3482
12.181
11.2248
12.7581
11.2272
10.9008
10.7203
10.7488
11.0557
11.3696
10.7844
11.0385
11.0105
11.1559
11.0992
11.354
10.8117
11.2768
11.2997
10.8224
10.6497
10.8917
11.2971
10.75
11.3508
10.87
10.6669
10.9888
10.8439
10.6762
11.0767
10.9665
10.6305
11.9033
10.8955
10.692
10.7823
11.1853
11.2459
10.7966
10.7995
10.7363
10.9092
10.8536
11.2565
10.7208
10.9577
10.8467
10.795
10.8645
11.2977
10.8763
10.7256
10.8701
10.8985
10.6754
11.2284
11.0176
10.6881
10.8158
10.7966
10.736
11.1215
10.9529
10.6411
10.9244
10.8194
10.6381
11.4063
11.1832
10.9018
10.7982
10.809
11.1257
10.7385
10.7155
10.8275
10.7436
10.8258
11.3412
10.8943
10.772
10.7928
10.7577
10.715
11.3864
10.7308
10.7019
11.0186
11.0524
12.0089
11.5766
10.7759
10.6345
11.1744
11.298
10.6126
10.883
11.0505
11.2391
10.7838
10.8468
11.3256
10.7845
10.8348
11.226
10.8133
11.0016
10.8827
10.7397
11.615
11.0801
10.9206
10.8557
11.582
10.8633
10.4314
11.0385
10.7151
10.3274
10.5665
10.5425
10.327
10.5497
11.0815
10.3546
10.812
10.5566
10.3425
12.3627
11.1306
10.3337
10.5519
10.4915
11.03
10.8255
11.0431
10.4459
10.6707
10.8896
10.4793
10.6107
10.6537
10.4679
10.429
10.9484
10.6683
10.429
11.0293
10.4811
10.6075
10.5258
10.4822
10.4356
11.1819
11.0822
10.4531
10.7278
10.6563
10.6972
10.8046
10.3318
11.1654
10.7993
10.3261
11.485
10.9989
10.4066
10.4935
10.5794
10.9997
10.8126
10.5222
10.702
11.7917
11.3559
11.7563
11.1673
11.4996
11.1749
10.7234
10.5108
10.5335
10.8137
10.3918
10.5902
11.0057
10.3325
10.6009
10.6115
10.3345
10.5792
10.6258
10.7926
11.0436
10.4516
10.4441
10.5533
10.5883
10.7942
10.5941
10.4374
10.4693
10.7893
10.4364
10.8886
10.3256
10.4268
10.8812
10.4682
10.462
10.9537
10.5501
10.4782
10.5822
10.4637
10.4269
10.9369
10.6953
10.4684
10.5317
10.6268
10.5432
10.8857
10.4629
10.0881
10.5313
10.7683
10.3318
10.8811
10.55
10.3315
10.727
10.6382
10.3331
10.6101
10.4157
10.4745
11.0367
10.4314
10.4216
10.6321
10.6692
10.44
11.0014
10.4238
10.3777
10.4084
10.7166
10.4279
10.8873
10.787
10.4739
10.4084
10.8463
10.4854
10.8964
10.5757
10.332
10.5469
10.6743
10.4132
10.7957
10.5499
10.3244
10.5736
10.5388
10.3837
11.098
10.43
10.5746
10.5615
10.4735
10.4251
11.0251
10.5422
10.4408
10.448
10.5705
10.465
10.9776
10.6545
10.4673
10.5113
10.5441
10.4837
10.935
10.5238
10.3256
10.6899
10.6757
10.3275
11.2233
10.7019
10.3332
10.5707
10.5267
10.3348
10.8513
10.557
10.47
10.5912
10.7732
10.4426
11.0664
10.406
10.4247
10.5649
10.4541
10.5573
10.867
10.556
10.4686
10.4317
10.6521
10.4503
11.0409
10.5609
10.464
10.5304
10.6862
10.3321
11.1164
10.6097
10.3319
10.5253
10.4819
10.6106
11.0738
10.5122
10.3322
10.5514
10.3254
10.5835
10.8833
10.3251
10.5842
10.6034
10.4332
10.5597
11.0381
10.3332
10.5889
10.4245
10.4663
10.6746
10.8677
10.4691
10.6572
10.8902
10.4799
10.6225
10.6875
10.467
10.4233
10.4416
10.4821
10.4505
11.0642
10.4364
10.4985
10.5663
10.3248
10.5804
11.0976
10.3472
13.8016
11.0623
10.8692
10.4555
11.2342
10.4523
10.462
10.6426
10.5502
10.4551
11.0668
11.9433
13.6927
12.9133
12.1401
10.9564
11.2763
10.451
10.4582
10.7215
10.4778
10.9698
10.5914
10.3456
10.5635
10.5976
10.3481
10.5957
10.8598
10.4502
10.6123
10.9803
10.3495
10.5239
10.4303
10.4991
10.5639
10.8515
10.4668
10.6367
10.4534
10.5027
10.547
10.6207
10.7581
10.3957
10.6006
10.5028
10.5392
10.5808
10.9102
10.5856
10.5569
10.4976
10.4607
10.5232
10.8855
10.5967
10.5223
10.4969
10.5599
10.4364
10.9102
10.5569
10.4609
10.4709
10.509
10.3392
10.9103
11.0818
10.3501
10.6122
10.7252
10.3245
10.9998
10.5471
10.5778
10.9805
10.4721
10.484
11.0022
10.428
10.4424
10.6496
10.4635
10.4349
11.0784
10.5218
10.4879
10.4381
10.65
10.4516
11.0382
10.6456
10.482
10.5071
10.5899
10.5845
10.8831
10.5215
10.3432
10.5387
10.6258
10.3468
11.0273
10.6198
10.4503
10.6309
10.594
10.3393
11.099
11.0188
10.4884
10.6861
10.4065
10.5238
11.1328
10.4427
10.4382
10.5637
10.4628
10.4852
10.959
10.8043
10.5109
10.6944
10.5616
10.4425
10.9712
10.7233
10.4985
10.489
10.518
10.3391
11.0849
10.6678
10.3413
10.5093
10.6286
10.3388
11.1146
10.6915
10.3447
10.6123
10.5486
10.5633
11.1034
10.4413
10.4918
10.7313
10.7504
10.4746
11.3167
10.4575
10.5909
10.6715
10.4704
10.4558
10.5297
10.5664
10.472
10.4626
10.5581
10.4764
10.9883
10.5744
10.3489
10.5577
10.6452
10.346
11.2208
10.594
10.3498
10.6505
10.6657
10.3459
10.8857
10.4594
10.4422
10.51
10.4141
10.5028
11.0676
10.5371
10.4356
10.5612
10.4643
10.4518
12.3301
10.6509
10.5122
10.5362
10.582
10.5476
11.0316
10.6654
10.5023
10.5219
10.5845
10.4395
10.8705
10.6046
10.3504
10.6175
10.9144
10.3422
11.0983
10.4842
10.3419
10.5314
10.6092
10.341
11.2141
10.4401
10.4538
10.613
10.5376
10.4554
11.0687
10.4513
10.4586
10.6113
10.5774
10.4989
11.0491
10.5827
10.4644
10.4966
10.5791
10.4516
10.924
10.5718
10.5355
10.8104
10.5909
10.3498
11.0423
10.7248
10.3798
10.5904
10.5757
10.4221
11.0781
10.5833
10.349
10.553
10.6017
10.4979
10.8995
10.4502
10.4832
10.8529
10.4569
10.4738
11.0263
10.4381
10.4905
10.57
10.573
10.4374
11.0423
10.5591
10.4853
10.408
11.0737
10.4862
10.8859
10.7122
10.3202
10.573
10.6691
10.3475
10.989
10.5172
10.3496
10.5836
10.5351
10.3392
10.9532
10.4531
10.5817
10.5835
10.4421
10.425
11.1381
10.5994
10.4665
10.7327
10.5479
10.6078
10.5244
11.0697
10.4387
10.4163
10.5831
10.4872
10.4301
10.9908
10.4977
10.8805
10.5666
10.3501
10.532
11.1371
10.369
10.4851
10.5286
10.3385
10.6702
11.108
10.3457
10.5618
10.7381
10.4938
10.5882
10.8818
10.4383
10.5739
10.6044
10.4352
10.6614
10.8889
10.4949
10.552
10.756
10.4682
10.4295
11.0533
10.5516
10.4603
10.6097
10.4564
10.4247
11.2167
10.3401
10.5511
10.5873
10.3444
10.7006
11.0341
10.3453
10.6371
10.5471
10.3449
10.5722
10.8736
10.4781
10.6602
10.4199
10.436
10.5504
10.9573
10.4584
10.5575
10.4234
10.4908
10.5235
11.2099
10.6927
10.772
10.5376
10.527
10.5858
11.042
10.4392
10.4161
10.5954
10.4501
10.5793
11.0667
10.3472
10.6446
10.6227
10.3446
10.5497
10.99
10.4448
12.0777
10.724
10.3427
10.6728
11.1299
10.3579
10.7061
10.4275
10.4996
10.6342
10.9107
10.4806
10.642
10.4372
10.4386
10.4336
11.1424
10.4508
10.6682
10.5719
10.453
10.4191
11.0645
10.4482
10.4408
10.8129
10.3395
10.6388
11.2187
10.3454
10.7923
10.566
10.3455
10.544
10.9606
10.3449
10.6756
10.4211
10.5484
10.5624
10.9165
10.4978
10.537
10.4299
10.4679
10.6817
10.8261
10.5257
10.4388
10.576
10.4787
10.4208
10.8325
10.7836
10.4374
10.5942
10.4261
10.5472
10.67
10.7363
10.5676
10.4509
10.3727
10.5726
10.4694
10.8763
10.5385
10.591
10.4635
10.52
10.4894
10.9693
10.5778
10.3346
10.5815
10.5927
10.5341
10.9784
10.6223
10.3755
10.56
10.8057
10.4996
10.5434
10.5943
10.4676
10.6236
10.9364
10.4893
10.6642
10.4302
10.4772
10.4804
11.0951
10.4613
10.414
10.7807
10.4673
10.4711
11.0975
10.4528
10.5232
10.6113
10.3317
10.5743
10.9828
10.3336
10.5638
10.6065
10.3308
10.5757
11.1817
10.3477
10.5682
10.4159
10.5441
10.5624
10.9191
10.4622
10.5958
10.4336
10.4509
10.4856
10.8627
10.4418
10.5276
11.1281
10.4275
10.4078
10.6556
10.4944
10.4592
10.9646
10.3314
10.5627
10.6028
10.3333
10.5721
11.2231
10.0825
10.3395
10.5155
10.3384
10.6363
10.9363
10.5958
10.5142
10.448
10.4804
10.6693
10.7005
10.6269
10.4696
10.6005
10.5422
10.4366
10.4281
11.0358
10.4301
10.4608
13.3306
10.7023
11.3972
10.6241
10.4575
10.6089
10.694
10.4553
11.2433
10.653
10.8559
10.866
10.3341
11.0017
11.1332
10.6877
11.0461
11.0841
10.7434
11.0169
11.4278
10.9363
11.0981
11.0641
10.7378
10.9777
11.5914
10.7514
10.9722
12.642
10.8046
11.155
11.0028
11.4237
11.1125
11.0373
10.7564
11.1111
11.6589
10.6474
11.3709
11.0431
10.6782
11.3447
11.3456
10.6609
11.2488
11.1209
10.9111
11.0627
11.5955
10.7738
11.0174
11.0746
10.7295
10.9931
11.5099
10.7662
11.0934
11.4247
10.7657
11.467
11.0592
10.7366
11.0282
10.9495
10.5191
11.2848
10.8001
10.4495
10.7909
10.7428
10.4561
11.2685
10.5492
10.6083
10.7789
10.3386
10.9554
11.3164
10.6348
10.6942
10.9747
10.4441
10.7179
11.2846
10.4185
10.8324
10.8368
10.5986
10.6637
10.9284
10.7521
10.6648
10.4558
10.8104
10.7445
11.031
10.8106
10.7358
10.4945
11.3398
10.7099
10.8622
10.816
10.7381
10.5558
11.1394
10.3219
10.9085
10.9326
10.3459
10.7641
10.8645
10.3456
11.3416
10.8246
10.4894
10.4852
10.5857
10.5307
10.7641
10.5241
10.57
10.4697
10.5011
10.5831
10.5372
11.0081
10.5161
10.5593
10.4853
10.429
10.4512
11.003
10.5701
10.5175
10.5427
10.4594
10.4188
11.0945
10.4875
10.5397
10.5808
10.3472
10.5864
10.987
10.3409
10.6615
10.9199
10.3478
10.559
10.9864
10.3506
10.5563
10.5939
10.4563
10.5719
10.8892
10.4664
10.5865
10.5705
10.4659
10.5187
10.9766
10.4711
10.414
10.5367
10.4647
10.4667
11.0389
10.4374
10.5097
10.5399
10.4091
10.7245
11.0224
10.3452
10.6976
10.5271
10.3265
10.5535
11.0657
10.344
10.9581
10.6322
10.3457
10.5902
10.8965
10.4626
10.5277
10.4228
10.4831
10.8
10.9397
10.6944
10.8431
10.4226
10.4007
10.4707
11.0185
10.4574
10.4987
10.8702
10.4726
10.4195
11.1072
10.4832
10.5649
10.5613
10.3453
10.5498
10.7396
10.4508
11.0932
11.5678
10.844
10.8129
10.9265
10.6242
11.3308
10.8206
10.7665
10.7972
11.006
10.9128
11.1805
10.7583
10.71
10.7473
13.4672
11.313
10.8046
10.8834
10.7527
10.8141
10.7833
11.3637
10.9241
10.795
10.832
11.1253
10.5979
11.0607
10.922
10.3891
10.5196
10.5821
10.3441
10.975
10.6758
10.346
10.7413
10.6924
10.3461
11.0401
10.4179
10.4787
10.5562
10.4253
10.5442
11.0196
10.4879
10.4763
10.5459
10.4667
10.4812
10.9142
10.5708
10.5528
10.4465
10.6814
10.4866
11.0407
10.6162
10.4683
10.4479
10.6678
10.344
11.054
10.607
10.3447
10.5885
10.5239
10.3481
10.8215
10.4484
10.4821
10.713
10.7577
10.5098
10.9867
10.5203
10.6356
10.7457
10.5112
10.5392
11.0588
10.5393
10.4884
10.4311
10.5342
10.4716
10.9081
10.6261
10.4623
10.4412
10.534
10.462
11.0165
10.5609
10.4135
10.5534
10.4791
10.7142
10.9517
10.6023
10.3403
10.7458
10.3456
10.5253
10.6874
10.3533
10.9156
10.5482
10.3478
10.9242
10.767
10.4572
10.4829
10.5847
10.5027
