000000001000001001000010000011000000100000100000000000010000100000000000010001010000000000100000100110000000000010101110000100000000100001011001010000
100100000010000000010000000100000100000011011100000000000000000100001000010001000000010001000001000000000001010101001001000000001110001100000100000000
010100001000000000000000100000000000000110000000000010000000001000000100010000000000000000000000000000010000110000000100000000001000100100010110100001
000000000000101000000010000000000000000000000000000000000000001000010100000010100001010100100000010000000000100000001010000000010010000000100100000000
100000010000000000000000001101010000000000001010000010000000000000000001000001000000000000000100001010100010010000100000000010010000110100000000000000
000000000010100000010000001000000010010100000101110000010000000000000000011000000000000010000001000100000010000000000000000000010000000000011000110000
001000000001101000100000001000000001000000000000010000000000000000001000001000000001000000011100001100100010001100010000000000000010000001110001010100
000100000000001000000000000000010000001110000000000000000000000010000000100001000011000110000001000000010010000000000000000010000000000100000100000000
110000010000001000101000100000000000011100000010000000000100010000000010000000001110100000000000000100000101000000000000000000000010100001000100010000
000010100001000100000000000000001001000001000101011110000100000000010000000000110000000000000000000100100010100000000001000100000000001001010010000000
001000000000000000011000000000011001100000010001100011011001000000000000000010000000000000000000000000001100000001010001000110000001000000000010100000
001000001000000001001000100000000000000100000000000010100100000000010000000000000010000100000000010010000000100000000000000000000000000010000000000000
000000100010000000010000000001000001010000000000000000000110000000100001100100000010001000000001010000000000001001000000000000000000000000000001000000
010000010000001001000000000100111000000000001000000100000000000001010011000000000000000100011000000000000000000010110100000110110000000000101000000000
100000000000000000100000000000000010001000100000000000100000000100110011110000010000000000000001000000000001000100000010100000000001000000110001000010
010000000000100000000000000000001001101001000000100011100000010001100000100001000001001010011001000010000000000000000000000100000000010000000000000000
001000000101000001010000000001000000010000100000000000100000000000001000100001000100010000100000000010110010100000000000011100000000000000000010001000
101000000000010101000000010000010100000001000000010000001010101011000000000000011000010010001000000000000000010000000001000100000010001100001000000000
000100100010100001000000000000000000001000010000110000000000101000000000000001000100000000000000010001100000000000001000000000000100000000001100001000
101101010100000000000000001001000000010100000000001000100000110001000001000100001000010001000000110000000001000001000001100000000000001000000000000000
000010000110001000000000011000000100001010110000000000001000010001000010000000000100000100001000100000011010010000000010010101010100000000000000000001
000000000000000000000011100000000000100000001000000011001000001100100000010000010100010000000000100100000101100000100000100101000000100001000100000001
000000001000000010001000000000011000000000000000100100000001001000000000010000000110000000001000100000000000000000000000000010000001000000000000100000
001010001000000000000000000010010001001000010100000001001000000000100000000000000000000000000000000001001000000001100000010000010000000001000010000000
000000000010000110010001000000000010000001000110110000100000010000000100100010111010110100000100000000000001000000010100100000100010010000000000000000
000000100100011001010000000000000010100000000010001001011010001000001000001000000000100000010000001000010010000000100010000000000000001000101010001000
001000000010000000000010110000010000000000000100000000000100000001000101000100000000011000000100100010100000000000000000000000111000000000010001000010
000001100010010000000000000000000100000000000000000000000000000100100010000010000001000000010010000000011000001000000000000000000000001001000001010000
000000001001000000000100000010000100000000000110000000000100001000000000110110100110000000100010000000000000010101100001000001000010010000100001010000
000000100001110010000000000011000011000001100000000100000000100000100000000000100000001000100100110000000000000000100100000100000000000000000000100000
000000110000000101001100100100000000100100000100011000100000000000010001100010000001100001000010100000000100000011010000010000100100000000000000001100
000000000000000001010001000000100000010110110000001000010010010000001001000101000000000001010000000000000001000000010110000000000001000000000000000000
000000000001010000000101000001000000000101010000110000010100000000000000000000000010100000110100000000000000000001000000011100000000010000110000001001
000000000110000001000000000001001000000000110011001100000000001000000000010000100000100000100001000100000000000000000000000001100000001001000001110100
001000100110000001001000001000101000100000000000101001000000100000000001100000001000000001001010101000001010000000001000000010000000000000000111001000
001010000001010000001011000000100000001010000000000000000010000000010000001010100001000011010000000000100000000010000000010010000000100010000000000010
000100000000000001100000001000010110010000000001000000000000110000000000000000000010001100000000010000000100000000000000010000000100000000000011001000
010100000000000000010001001000000000000010000000000001000000000010010000100000100101100010000000100000000000000100010110000000000001000001101000000000
000000100000110001000000000000110101000010000011001000010000100000000001000011000000000000010001100100000000000100010000000000001100010000110000000000
101010001001001000000000000000100000000100010000001010101100010000010000110100000000100010001101000000000000001000001000001000010110000001000000010010
110000000000100001000000000100000000000000001000000110000000000000001000001110011010000010001100110010000000000010000100000010010001000000000000000000
000010010000000000000001000101000000100100000101001100001001000101110100000110000000000100000001100100000000100101000000000100010100000000100001010000
000000001000000000000000100001100010001000000001000010000000000100000001000000001000000011001100000000000000010000000000000000000000000000000100100110
000100001010010000000000000000000011000100001011000010000010000000000011000010010000000000000000000000101000000010000000000000010000000000110100110011
000010000100001100011000000000000000000000000100000000000000000000100000000000100000010000011100110010011000000010000000010000000010001010010100001000
000000010000000000000010000001000110000100000000100000100000000000100000000000100000000000100001000010000000000000000100000100000010100000001010010010
001000010001000100010000101100000010000001010000000000010000010000000000100000100001000100110100000000000000001100101000000101001001111000000000000100
000010010000010000010000001011010010000000000000000010010000000000000110010000000001100000100000100000000010010000000000000010000001000100000000000000
100000000001000000000000100000000100110010000000100000100000000000100000010000000100100000100000000101000000110000110001101000000010001000000000001000
010101010000000000100001100000001000000000000000000100100001000110000000000000110000000001000100100000000001001010000010010000000000000011000001000000
001000010000000000000100000000001010001000000000001000100000000000010010001100010000000001100000000000000000000100001011000000001000000001000100000000
010010010010100000010000100001011000001000001000100000100000000001010000010001100000100000110000000000101001000010100000010000000010000000000000000000
000001000001000000000010000000000000000000000000000001100101000000101001100000001010000000000000000000100000000001010000111000100000010000000000000001
000000010010000011100101000000000000100100010000000001001000000010000100001000000010000000000000000100100110001000000000001001000001000000000000000000
010010000100000100000000001000000000000000010001000010110000001010000000000110000000000000000000110101000000010000000010001100000000010100000000001000
000001000101011000000000001000000100000100000000101001000000000001000100000000000100000000000000100001000010000000000001000000001110000000010000000000
000110000000011000100000100000000000100100000001000000000000000001001000100001000010000000001000000000100100000000000100010000000001110100000100000000
000000010000000000000100010000000000000000001100001001001000100000001001111000000000000000000000000001000010000000100000011000010000100000100000001000
010010100100000000001000101110100100000000000100001000000000000100011000100010000100000000011000100001001000010000100000001100000111000100100100110000
000001000000000000000010110000001000001000000000011000100010000000001010101101000001100000000001000000000110000000000000000000000000000001000000001000
000000000000000000000000001100000000000000000000011100100000000000000100000000000000010010000100000000100000000010000000010100000000000000000100011000
000100011100000110001010000000000001000000110001000000000000000000011000000100110000000000010100000010000001001101010000000010100000000100000000000000
100101110101010001010010000000000100100000010000001000101010000010000000000000000010000100000010010000110000000000000001000100010000000000001001010010
101010100001000100000001010001000101010001100001000000001000100000001100000111000100000000001010000000011001000100000011000000010000000000000010000000
000000000100100010010000000000001100000000001100001000001000000000100000000000100000000000101110000000001011100000110101000000000100100100000000101000
000001000000101000001010000011000101000000001000000000000000000100101001010100001000001000101000000000001000010000010000000000000000000000101000000100
100000100000100100001000000010000000011000000000110000000000110000000000100000010100011000010001000000001100001100100000000010101000101000000000000000
000100001010001101000000000000000000000100000000000000000001010000001000001000100000011000000110000000001001000000000001000000011100000000010000010000
011000000000000000000000001000000000000010010000000000000000000000100000000100010001001100000100000000110000000000000100110000000000100000000001000000
000001000000000100001100001000010000110100101100001100000010010010000001100001010000000100010000011100000000000100100000000000010000000000000001000100
001100100000011000000000100100100001000000000000100000100000000000000110010001010000000000000000010000000001110001000000000000000010001000010001001110
100000000010000000000000000000000100000100000100010000100010001100010101000100000010001000011000000100000000010001001000001001010000000100010100000000
000000001010100000000000100000010000000000111000000001000000110110000000000000000000000110000010001000000010001000101000010010111000110000000000000001
000010011010000001010010001000000000000100000100000110000000001000000000000100100010010000010010000100000001000000000000000000010011000000000100011100
001000001010000000000000000000000000000000000100000000011001000100000000011000000000000000100000010001001000100000001000100010000000000010010000000001
100000000000010000000000000000110000000000000000000000010000010100110100000000000101000011000000000100000000000010100000000000001000000100000000000000
001110001011100000010000000000010000010001000000000011000011000000000000100000000000100010110100000010000000000000000011000000000000000000001000001000
000000000100000110000100010000000000000000000000000000000001100000000000000000010000100010110010000001110000101000100000001000000000001000000000000101
000000000011001000001000010000000010000001000000000000010010000001000000001100000001000000010010000000001100100110001110000101000000000000000101010010
000000010100110011000000010000000000000000010000000000000100000100100000000010100001000000000000000100000000000000000010000000000000001001010000000010
000000000011001001001010001010000000000010101000100010000000100000100001100000000000100100000000000001000000001000000000000000010010000000100010000000
000000001010000000100001000000000000000110001000100010000000000000010000010111000000000000001000000100000001011100011000001000010000000000000000111000
000001010000000001000101000000001000000000010001010000110000001111000101000000100000000000000011000000000001101000010000000000000100100000000000000100
100000000000000000000000000000000000000001000000010000110100000100110101010000001000000000000011000010000000110110100000001000000000001000001010000000
000000001000000100011100001000000001001000000001001110100000100000000000000000000000000000011001000001100000000000001001000000001001000000010000000000
000000000000000010010000000101000000000100001000000000000000000000001110000000000110000100001110000000000101000000010101000000000011000100001000001001
000000000000000000100000010001000001000000000000010100000000000000110010001000000010000000000000000000100110010000000000010000110000100000000101000000
000100101011100000100100010000000001001010000000000110000100000000000000000010100010000000000000000000000001000000001000001000100000100010100000010000
000001000000000000000001101000010000000001000001000000001000000000100001000010000000000100000000101101000000101000000001000010001000010000000000000000
000000000110000100000100000000001010010100000000001000000010010100000000000010000001010110000000000000000000000001001001000000000000001000010000000101
000001010000010000000000000011100000010000011001000010000000001001000001010000000000100000000000000000100000000000000010000000000010000001000000000110
000000001000001000001000010000000000000000000100000000010010100000000000000110000000000100010100011100000001000000000001000000000001011010000010010000
010000110000000000000000001000101000000000010010000101000000100000000100000000100101000000100000000001000001000000001010000000000001000010000010100000
000000000000000000001000010000000000000000000010000000000000010001000010000011101000000000000010100000000000000000000000100100000000000000010001000000
001000000000000000010000010001000000000000100001001010000000000000000000011010000000000110000000000000000001001000001000000010010000001000100000000000
000000000001000000000000000010000000000000000010000100010110110001001101000010000000000000001000010000010011000010000000000100010010000000000000011001
000000000001101100000000101001000001000110110000000000010011001101010000000000000000000000000001000000100100000010000000000000000010100001011100000010
000011010010000100000000000100000010001001000010000000000010010000000000110100100000100001000000000010000000000000000000100000000010100000100100001000
000000000000000101110000000000001000000000000001000000010100000000000000000000110000001000100001000000100000000000000000010101000010001001000001000100
010000110000000000001001000001000000000000001001000000001100000001000010000101000000001000110000100000010001000000000000010000001000000010000000000000
100000001000100000010011000000000000000001000000001000000000000000001000000010000000001000000000000010010000011000000100000010000010100000000010010000
100100100010001000000000001000000000000000000000000001100000000100000000000000001000000000000100000000000000010000000000100000100000001010100000000000
000000000000000010010001000000000001000000000001000001000000010001000000000001000000000000000000010000000000000000001000100001000000000000000000000000
100001000000000000000000000000000100000000000001100000000001010000001000000000000100001100000000001000000000000000100010001000000000001001000010000100
000000000100000000111000000000010001000000000011000000100010010000010110000000000100101000000000000000000000000001010000100000100000000000011000100100
001000000000000100000101010000000000100000001000001000000000011000000000000000000000001000001101001000001000110000010001001001000000000000100010001000
100101000000000000000000001100000000000000100000000000000000000000000000010000000000000000000001000000000001110000000000000000000001010100000000000000
001000010100000000100000100000011000000110100000000001100000001000100010110000000010001000000000000000000000011000010000100001001000000011100000010000
010001100000000001000101100001000001001100000000000000000000000000000001001001001000000000001100001001000000100001000000000001000100000001001001100010
000000000000000100000000001000000000001001010100010010000000100000000000000000101000000100100000010000000001000000000001011011101000000000110000000000
010001001100000000000100000000010000010101010000000100000000100000000000100000000000010011001100010001011000010001000000000000100000000001001000010010
001000000001000000010000000000000101000000100101010001100001000010000000000000000000100000000000110001000000000000010000000000000000000000000100000010
000000100000000100110000000010000000000010000000010000000000000010001000000000000000001001000000000000100000011000100000000000001001000001000000000001
000000000000000000100001010010100000100000000000000100000001000000000010000000000100000000101000100000100000000010000000100000000000001000100101110000
000010100000000101000100111000000001001000000000100101000000000000001000000000000000101101000000101010000010010000000010000001000001111010010010010100
000111110000000101000000000110010001000101010010000000001001000000100000001111100000101011001001001000010000100011000000000001000001000000000101001100
000000010000000000001000000000000000000000000100001000100001000000101001000001000000000000110000001100000000000000000011000000000000000100000110001000
000000011000100000000000000000001010011100000100000000001001000001000100000000001100000001000011001110000000000000100000110000000100000000110010100000
010001001001000000000100000101000000000000000000100001000000010000100000100000000000000000010000000100000000000000100000000010000000000000100010100010
100000011000000100100010000000010000000000000000011100000100000000000010000000000000000000001001011000000110001000000100000000001000000000000010000000
000010000000100100000000100011000100000000000000000000001000010000000000000010000010000001000000010000000000101100000001000000000000001000001000000010
000100001000000001000001010001000010000000010010010000000000000110000000000000000001010001001001000010010000000100100000000011000000000000001000000100
101110010000000000000010011000000000000010000000000010100000000000000000010100000000000000000100001101000000000000110010000000000000000110000000001000
001000000010000000000000000000100010010000000100011000000000000011000000000000000000001001010000100000000000000000000000100010000100000001100000010001
000010000000000100000010100001000100100011000000000000000000001000100100000110010010000000110000000000000000000000010100010001000000000010000000000100
000001001000100010000100000010000100010100001011010000000000001000010000000000000000101001000100000010001000000010000010000000000000001000000000000001
000010000000000110111100000110000000000000101000110100000000000000000000000010000000000000000110001000010001001000000000000000011000000000000010000000
011000010000010000000100001000000000110000100000000001110000000010000100000000000000000000001110000000000000001001000000011000001000000001000001011010
100000100000000010010000000001000000010001000000000000000000000000000000000000111001000000001000000010010000000010000010000000110000000000001000010100
000000000000000000000000010000011000010000011000000101010110000001100010000001000100010000010000000000010010010000000000100000100000010000000100000001
000010001001000000010000000100000000001001000000111010000000001000100000000000010001000100010010100000000000000000000110000001000000000000000000010000
010000000000000000100000000011101000000000100000010001000001010000000001000000010001000000000000100000010010110000001000000000000100000101000100000001
001001000000000000000000000100000001000010000000000000000100000100000011000000010000000110001100000101000000001000000001100100000010000100010101000010
000100000001000000011010000000000000001000000000000000000000100100000101000001000000001000110100001000100000000001000010000000000100100000100000000000
000001100010010100000001110000000000000000000100000000000001000000000000000001101000000010001010101000000000000000000000001100000000000000000001000000
000100000001000000000000000011000100000000100100000000000000011110000010000000000100000000000100010000000000100100001000000010000010010010000110010000
000000010000000000000000000000000000010000000000100000000000010100000000110000100000000100000101000010000100001001000000000000100100011000000000000110
000000100000101010000001101000010100000100000000000110000000000100100000001100000001000001010000000000000000000000000000000001000111110001000000001000
010010000000000000110001010000100000000000101010010000000001000000001000000000000100001001010010000101010000000010000100000100000000000000000000100000
000000000001010010100000010100001000110001000000000101001000100000001000000100100000010000000001001101000000000010000000100000001001001010000000000000
000010000000100000000001000000000000000000000000101100000100100000011100000001000011000000000010010000000000000000001000000011011000000000000010000000
000100000100100000010111110100000000000001100000000101000000000000001100001000000000000000100001000011000010000000000000000000000000100001000010100001
001000000000000100000000000100000111001000010000000001000001000001001010010000000000001100100000000000100000000000000000100000010000100000000000000000
000000101000000000100000000000100001001011010000100101000000000010110000000001000000010000000010001100110000000000000100000110000000000010010100000001
000100000000000100001000000001000000100100000000000100000010001000010000001001100011000001000001000000100000000000001001000000000000000000000000000000
000000000000000000000010010000010000100100101000001001000000000001000101010001000001100000001010000100001100010000000010000100001101001001011000000100
100000100110011000001100000100100111001000000001000001000000000000000000010000000000000000000100000000000100000000000000001001000000010000000001000000
010000000000000000000000000001000011100010000000000000000100000000001010011000000000000000000010000011000001000000000000000100010000101000001000000000
000010000001000010101100100000000000100010000000001000000100010000000000000000000010001000000000010000010010101000000100010000010000000000000100010000
000000010000100010000000000011100000011101000100000010000010000100001001000010000000010000001000000000000001100110000001000000000000010000000000000000
001000100100000000000110001000000000000101100101000010001010100000001000000000000000000000000000000110000000000101110000100000001010000001100001000010
001000000000000011000000000010001001000000000000001000000000001000000001001000000000000000010100000010000000000011000000000001000100000000010010100000
000001000000010000011100100011000010000010000000000000000000000011011000001000000010000000000000000000000000000000010000000000001000000010000000001000
000010000000000000010010000000001110010001000100010000000000110010000100000000000000000000000000010000100000010100000001010000000010000000001001000000
000000000000010000000100100100001100000000000000010000000001100000001100000000000010001000100100010000011000010000010101000100000000000001000000000100
000000000000000010000000010000000100001111000000100000000000000010000010000100000000110000010100000000000100000001100000000000000100000000100001000001
000000000001011000000000001000110101010000001000110011000001010000000001000001001000010001010010100000000000000000000000000000000011000111010000100110
000001001001000010000100110001000000100000000000000000000000010110010000001001000001000000010001000000000001000010000000100011100010000100000000000000
000000010001000010000000100000001000000110001000000000010000000000000000000000001000000001001101000010000100010100000000010000000010011000000001100010
100010000100100000000000100001010000000000000000000000000000101110011001001000000000000000000000010000100010100010000010000101000010001001000000000000
000000101000001000100000000000011000000001000000000111100100000000001000000000000000000000010000000000000010000100100100000001000010100000011000000000
000000010000000000010001000000000000000100100000000000010110000100000001010000001001000000010000001010000000000000010100000000000001010000000010010000
000000010001001000001101000001010000000100000000001000100001010000000000000000001000000000010000000000000000000000000000000000010010000000101010000000
010100011001100000100110000001000000000000010000001011001000000001010000000100000110000101000101000001010000000000101000000000001101000010001100110001
011100000010100000000000000000000100010000011010000000010000000001010111000000000001000010010000100000000000000000000100001100000100000001100000000000
000000000000100110000000100000100010000011101000100000000001011000000000000001100000001000000000100101010001000100001000101100000000000000000000001000
000000000100000010000000010100011000001000000010010000000010000001010000000001000110000000000000000010000000000010010000010001001000000000000000001000
100000000000010001000000000010000000001000000010001001000000000000000100000001001000110000100001000000110000000001001000000000000100001000000000000000
000010000000000000010000000000101000000000000000000000010000001000000000000000000000000010010010000111000000000000001000010001010000000011000010100000
001100000000000000001000000001001110011010000000000101000010000001000000000010001000000000000001000000000000000000101110000000010100100010000000000010
000000000100000100000000000000100000000001000000110000100000000000000010000000000000000100000000000000000100000000010000010100110000001000000100000000
000000010101010000110000100001000000000000001000000000100000001010000000000000000001100100100010000101100100001000000000000000000000101100000100000000
000001001000010000101000010000000000000100011000100000000000000011111000000000000000000000000000000010010000000010000000000000001000000010000000000000
100000010010000010010101000000100000110000000000000000000000000010000010000000100001000000000000101000000010000100000000000000010000010000000001001001
001000010010010001000000000000000000100010011000000101000000010001000000000010000100001101000000011000001000000000010000000101010000000000000000000000
000000000001100001100111000100100010000000000000000000000000001000001010011011001000000000100100010100000000000000011010000000110010100011001000010010
000000000010001100100000010000000000010000000000000000000000000001010000010001000000100000010000000010000110000100000000001000000000001000001100010000
110000000000000000000101000111000001000100000001000001001100000001000000000000010000000000000110100000110000001001000100000010100000000110010000101001
100000000000000000000010000000100000000010000000000001000100000000010000100100100001000000001000000101000011000000000011001000000001000100000000100000
110010000010000001000011000000000000010101001101001001001000000100000100000100000001001000000000000100000000000000000000100000000100000000000110000010
010001100101001000010101001000000100010000000000000000000000000001010000010010000011000000001110101000101001100000000001110000000000000000000001000011
100100010100010000000100010000000000011000000000001000000010000001100000000001000100000000000000000010000000000000101110000000001100100000000000000000
000001000001000010001000010010000001001010000100100010000000010010000000000000000001011000000100000100010100000010100001000000000000001000000001010000
000000000000000000001000000010010000000000101010000010001000011101001000100000000000001100000001000100000000100000000000100000000000000000000000000101
000000000010001000000100001000000000000010000000001001000000000000000011000010010110101000000010000000000100001000000010100000010000000001000000000000
000000000010001000000001010000000000000000010000011000100001000000001000000000000010100011110000000000000010000000000010100000100100000000001010000100
100000000001000000010000000000001101001000000000000000010001000000000000001000111000000000000010000000000001100010000001000010000010100000000001010001
000011000000100000000000010101000000000001000010000000110000000000011010101000000000001000000010001000000101000101000010001010000000010110010000000000
110000000000001000110100001100000000000000000000000000000010000000000000000110010000000000100100010000010100100000100000000010010010010100000000010100
011000000000000000000011000000000000000000000001000000100000000101000000101100001000000000000001000000000100000001001000000100001000000000001000000000
000000000000100110010000100000000010001010000000000000000101011000000010001100100000000000000000001000010000001001110000111000000110010000000000000100
100010000100110100000011000100000000000000000001100000010000000100010001000000010001000000000100000100000000000000000000011001000100001000001000001000
000010000110001000000101010100000101100000010000000001100000100000000100110001010010001010000010000100000000010001001001000000000010000000011001000000
011010000100000000000000111001000000000000001000000010000001100011000000001000000110000100100010110000100000110000000000000000001000001000010000000000
001000001000000000001100000000000100000000000000001000000110000000000000000100010000011100000000000001100000010000000000000100000000001011000000100001
000001000100000000000000001010000000000101010000010101000000101100000100001000000000001010100011010100000000000000010100000100000000000100010000010001
001000000000000000001000000000010001000011000100000001000010000010000001000000000000000010001011000110000000001000000000000000000000100100000000000000
000010000000100010100100000000001000000000000000000001000000000110010000000010000000110000010000000000000000000001000010000100011000000001010000000001
000001000000100100100000000000000100000000001101000000100000000000001100000001000100010010001000000000001000001100100000000000000001000000000011101000
011000100000000100000000000000000000010010000001010010010010100000000000000000001010000100000000000000000000000000000000001001000001010000000011001000
100010000000000000000000000001000000000100100101110000000010000110000000010100001000000000000000001100000000000000000100000000000000010001000000000000
000000000000000010000010000100100000000000111001001000001000001010011000000000000000000000000011100000011010001000001000000000011000000000001100000011
000010100010000100000000000010100000010100000000000000000001000000000000000100010000000000010000010001010000000000010000010000100000100010010001010001
010000000000100000000000000000000000100010000001001100010000100010000000011000000000000000000110100000001000000000000010101000010000110100011010000000
000000000000000001000000000100100000000100100001000000001000000000000010010100000000000000011000000110010000111001000010000010100000000000001000001001
000101010000000000100000100101100000010100100000100011000000000000001000001000000000000001001000001000100000000000000000101100001000000010010001001000
100001000001101000000000110000000000000000000000100000000000010010000100100101000000000000000000010100000010000011000000000000100000000000000010000000
000000000000000000000000000010000000000001000000000000010100100000000000000000011000000000000000001000001000010100000000001000000000000000000010000000
000000010000000000010000000000000000000000110000001000100000000100011000100000110000000000000000000000000000000001000000100010000000011000000100000100
100000100001000000000000001000000000000000111000000001000011000000000001000000001010000000000000010001000000000100010000000000100000000010000001000001
000000000000000000000000000000000000010000000100001010000000101001000000000100000000010010010000000010000000000001000000000100000000000000010110000000
001000010100000000001101000000000000100100110000011000000000000010100000100001000000100010000000000000100000010000000000001000000000000001010000000000
010010000001000000010000000001000000000000001000000100001000000000000000100000000000110000100000000000000000000000000000000000000000100000000000000100
000110000100100000000010100000000000101110100000001000000000000000000000100001010001100000000000000000011001000000000000010000010000000001001010010000
000001000010010001000100010000000000000000010100000001000000000000000000000000000000000001000110001000011000010000000000000001100000000000000000000000
100000010000000010100000000100000001100000110000010000000010100010100000011000000000000000010000100100000000000000000000000000010010010000010000100000
001000000000010100000000000001011001000000000000101100000000010000000001110000010100000110011000100100000000100110100000000000011001010100010011000000
000010000000100000001000100000010000000000011000000000001000000110000000000000000000000000100010001000000001110000000010100000000110100000000001000010
100000000000000000000100010000100000000100000000000110000010000000000001000010001000001010100000100001000000010010001000000000000000000000010000001000
100010000000010000110000100001101000101000010100010001001000000000000110101000000000010000000000000000100000000000000000100001000001000000100000111010
011001000000000000000001101110010110000001000101010000100000100000000001000010000000000000100000000000100011100000000100000000001000010001100011000000
000000001000000000010000000000000100000010000000000000000000011001000000000001011100000000000000001000000000100010000010001100000001101001000100010000
100000000001000000000000001000101100100110000000000000000001000100000000000000000100000100100010000001000100010001000000000100000000100010100010010001
000000010000001000000000000000000000010100000010010000011000001001000000001000000000010000000100000010000000001010100000000010011000010100100000000110
000001000000001010000000000000000010000010000010000010000000000000000000001010001000010001011000100010000000100000000000000000000000000001000000000000
010100000100001000000000000000000000100010000000000101000100000110000000000000010001000000000010100000010100000000000000000000000000010000000000000100
000010000000010000000000100100000000000100000000000000000001100000000001000111100010000001000000001000000000100000000101000000010001000000100000100001
100000000000000100000100010001000000001000010000011000000100011100010000000000000000000010010010110000100000000000000001001000011000000000100010000000
100100010000000000001000000000000100001000000101010000000010000100100110000001000000000000000000001000001001100000000000000000000001001000000010110000
010011000000100010001000000010000111000000000000000000000001010000000100000000001000000001001000101100110000001100010100000000000001000001100000100000
000000000110000000001000000000000000100010000000000000010000001001001000000000000000000000010000000000000001010000000011100100100000000011000000000000
000011000000001000000000010001000000010000000100011000000000000000000000000000010001100001000000000001000000000000001100100000000010000000100100000000
000000000000100000000000000001011000110000000100000010001000110000001000000001000000010010001000010001010001000010000000000100000000000010000101000000
010010010000010000110000000000000000011000000000000001000001000000010001000010000000010000000000001000000010010000000000001010011000011001000000000011
001001000000001000000000000100001011000000000100000000010010000000001000010000000100010110100100010000000000000000000001000000000111000100000101010110
000000000010000000000000010010011000000000000000000001000000001000010000000000000010000010001000010000010000000000000100000000010100101000000000000000
010000000001000001000000000001000100000001000100100010000000000001001000100000000100000010000100000000000000010000000000001001001001001000000000001000
000101100101010000000000011000000000000000000000000010000100001111000010010000100010001000011000000011100001000000100100011001000001000010000000010000
000000000000001110000100000100010001000000000000100000000000000000001111000000101010011001000000000000000000000000000000000000001000000000000110000000
000000010011000000011010110000010000000000001100000010000100010000100000000000000010010101101010010001000100011100000000000000000000001000000000010000
000100000000001100000000000000000000010000110100000001000100100000000000110110100000000001000001000100010100000001000000000000000000010000100011010000
010011000000000000001000000000000000000000000010010100010000000000000101001000110001000000000000111011000000000010000000010000000000001000000110000110
000000000000010000001101110000001001000101000000000000011010000000000000100100000000000001000010000000000000001000001000000000000000001000000011100000
000000000000100000000000000000100000000000110100000000100000000000000100000000000000000000100000010000000000010000010011000000000000000000000100000000
001000000000101010001000001110100000001100100000010000000000000000000001010000010100000011010000001000001000111001000000000001000010010000100001100011
000000010000000000010000000000001101000000000000000100001000000000100010000100000010000010100000000000000000000000100101010000011000010000000001100010
000000000000001000001000000011000000000000000010000000000000000100001100000101000000000000010000011100000000000000100000000110000000001001011000000000
000000001000000000000000000001100100001000010001000000000101000011010000100000000000011001000000000001100000001100100000001000001000010001000000000000
000010010000000000000010010010011101000100000000010000000000000001000000101000000000100000100000000000100000011010000000001100000010000000100000100000
100000010000000001000100001010000010000000001000000000110000010010000100001100000000001000000000100010000100000101010000000000011100000001000000000110
